91558
84791
80919
69826
64700
57254
52657
48973
44499
40337
37431
33563
30018
27390
24147
26868
24387
19501
22678
19085
14186
13108
12898
11988
10261
10323
9450
9497
8988
9342
9140
9950
10249
12048
13259
15270
19240
21292
23478
26659
30260
33095
39506
44488
48016
52187
57350
62284
71822
78515
91321
93263
101315
106217
113066
122445
130816
133600
147149
163669
183448
204493
233513
262832
301874
345484
414331
456418
504458
516140
518553
498084
487294
476786
434393
395467
363982
330646
305494
277809
256011
247182
237320
231625
229408
227411
224265
221998
216250
219538
214152
214972
220273
219363
217256
219204
227174
234535
230782
247213
260548
273689
291196
305898
326321
327252
341853
348161
355280
354626
358686
352109
344312
335265
324774
312791
307948
296244
285225
274719
260665
256041
247265
237912
228396
223776
216383
206787
202836
195726
192992
189968
182737
182313
172250
168529
162903
158782
146375
143169
131322
122354
113671
100393