12235
12205
12258
11623
12534
12404
12594
12023
12809
13279
12689
11577
11556
12099
11411
11586
11583
10754
11214
10645
10455
10921
10542
10272
10511
10506
9775
9895
9704
9966
9783
10002
10087
10076
9380
10345
9784
9774
9683
9066
9122
9005
9340
8989
9286
8567
8441
9161
9094
8905
8977
8669
7959
7956
8077
8172
8398
8090
8351
7733
8083
7322
7779
8496
7504
7181
7584
7170
8113
6759
7603
7751
7279
6690
7576
6701
7158
6891
6902
6634
6310
6202
6012
6046
6695
6980
6613
6631
7437
6972
6358
6858
5905
5412
5858
6644
7098
6958
6255
5435
5572
5116
5156
5091
5179
4966
5085
5112
5545
5708
4954
5065
5148
5034
4856
4673
4484
4339
4832
4471
4731
4406
4159
4397
4903
5206
4176
4025
4860
4316
3757
4040
4156
3903
3758
3927
3978
4359
4213
4647
4113
3749
4199
4836
4777
3776
4053
3886
3615
3708
4031
3390
3713
3217
3411
3376
3473
3593
3028
3028
3047
3044
3279
3039
3135
3139
2905
3138
2989
3094
2949
2845
2852
2825
2696
2683
2726
2592
2886
2663
2409
2331
2525
2496
2551
2314
2696
3197
2453
2440
2603
2572
2645
2437
2078
2589
2355
2363
2423
2515
2606
2202
2029
2166
2469
2099
2204
2013
1989
2104
2038
1667
2168
2166
1856
1995
1913
1916
2001
1908
1933
1790
1824
1595
1745
1922
1533
1476
1724
1613
1754
1716
1647
1902
1596
1572
1399
1584
1696
1676
1516
1463
1484
1354
1334
1299
1565
1420
1225
1571
1138
1213
1341
1482
1382
1312
1318
1349
1396
1262
1311
1280
1047
1163
1262
1116
1164
1193
1124
1019
965
1113
1246
1085
1183
1204
1087
1185
1195
1128
1159
1097
980
923
830
962
1029
1004
1029
1022
882
947
1174
855
1187
959
954
938
1059
1091
1126
1146
1065
1080
995
973
1004
991
1044
1092
1133
1096
1037
1192
1149
1467
1240
1114
1367
1128
1171
1262
1626
1261
1423
1213
1201
1116
1357
1373
1330
1219
1193
1382
1357
1217
1469
1269
1333
1503
1382
1356
1405
1448
1628
1748
1490
1412
1361
1580
1406
1527
1594
1564
1608
1590
1524
1440
1553
1734
1723
1912
1745
2049
2022
2120
1871
1785
1838
2070
2045
2336
2421
2248
2273
2326
2063
2238
2286
2073
2161
2457
2303
2402
2677
2502
2726
2350
2625
2812
2916
2790
2927
2802
3219
2936
3130
3202
3152
3215
3417
3376
2912
3582
3363
3479
3448
3474
3599
3665
4199
3728
4450
4360
3644
4023
3539
3835
3894
4195
3900
4281
4499
4261
4419
4467
4305
4466
4751
4832
4925
5088
4870
5528
5803
5388
5236
5391
5590
5975
5552
5683
5812
5495
5753
5994
6173
6277
6103
6148
6303
6688
6684
6475
6670
6670
6868
6231
7030
6863
7409
7240
7299
7248
7783
7609
7833
7788
7814
7892
7295
7643
8388
7702
7808
7926
7724
8282
8844
9082
8553
9954
9466
9262
9077
8633
8424
8983
9347
9416
9722
10157
9758
10159
9707
10205
10118
10154
10405
9918
10154
10180
10289
10462
10071
10357
10759
11487
11513
12204
11588
11475
11258
11295
11074
11690
12082
11235
10858
11219
11689
12048
11693
12743
11726
11585
11768
12201
13570
13225
12881
12409
13225
12764
12831
12606
12584
12796
12625
13407
13804
14372
13274
13816
14066
13655
14292
14732
13988
14796
14273
13863
14390
14880
14854
13853
15058
15219
16038
15431
15235
15229
15412
15609
15195
15007
16026
15533
15508
16056
16490
16131
16935
16672
16872
16491
16364
16879
17388
17035
16535
18019
17460
17748
18268
17536
17147
17221
17590
18842
18921
19048
19282
18363
19199
19773
19094
19588
20786
20983
21477
20855
20882
21902
20245
21042
22102
22428
21673
22297
22496
22868
23948
23713
23827
24904
24953
25921
25608
24929
24998
26125
27635
27070
26080
26334
26890
27508
26972
27969
28060
29448
29283
29216
30988
29852
30301
30103
31140
31976
33126
33472
33369
32608
34311
33669
34383
34940
35242
33839
34626
36298
36845
37120
39403
39495
38863
38408
39634
40659
42883
42309
42009
41718
44005
43721
45675
46068
45811
45936
45813
49157
47845
48512
49063
47997
49694
49245
49616
48538
49300
51133
50767
51371
53700
52337
53782
52717
53812
53254
53915
55385
55600
54256
54850
53832
54566
56688
55849
55523
55638
54954
53738
55265
57281
55114
54453
54485
54507
56280
56786
55575
55888
55568
57152
55098
55326
54624
51177
53904
53358
55348
54238
54049
55021
53436
56066
54649
55176
55149
53859
53670
54366
52293
53975
51775
52978
51170
51046
50806
51082
51661
50858
50343
49929
49965
48581
47238
48468
46524
47849
47157
47094
46803
45636
45131
45142
44741
44302
43901
44648
43557
42632
42438
42737
42644
41557
41601
40287
40899
41021
41412
40496
40745
39824
38312
38587
38163
37927
37841
38293
38817
38231
36705
36857
37135
35735
36127
36415
36546
35845
36043
35394
34423
32148
32838
32160
33603
33114
32575
32981
32170
31854
32298
30617
30367
30730
30447
30717
30984
30863
29965
31647
31483
30166
30763
30098
30490
29387
29352
29289
30280
29942
30461
28742
29197
28609
27738
27859
28275
27579
27146
27121
27676
27037
27791
27132
26656
26161
26533
26601
27005
26933
27470
27932
28214
29317
27380
28458
27547
26572
27599
26581
26735
26907
26380
26433
26347
26114
26229
26824
26849
27077
26111
25973
25682
25696
25145
25303
25409
25205
25240
25722
25999
25166
25858
25578
26050
25041
24667
25902
25791
26554
26024
25091
25174
24620
24398
24748
24305
24560
24814
24632
25300
24868
25125
23975
25370
24906
25303
24155
24005
24712
25093
24268
25247
25128
26260
25426
24394
24218
24507
24396
25779
25103
24451
24896
24453
23810
24482
26505
24503
25767
24919
24931
24243
25368
24907
23790
23837
25465
24362
24439
23987
24317
23940
24510
24419
24529
23827
23329
23973
24552
24743
24781
24921
23957
24736
23886
25196
25524
24913
24623
25056
24348
25136
25415
25650
25145
24826
25632
25854
26423
25142
24667
24575
23526
25272
25965
25636
25530
25441
25234
25229
26035
25470
25501
26615
25887
26037
25895
25438
26211
25405
25774
25791
27036
26971
26224
27636
27001
27576
26723
26458
26906
26733
27477
28506
28342
27679
27265
28188
27926
27409
28343
28419
28525
29767
28780
28473
29878
29214
28981
28610
29147
29383
28913
30205
29417
30013
29335
30069
29319
31036
31470
31929
31657
31547
30826
31278
31330
31813
31026
31471
31200
32119
32500
33543
32505
33210
33572
34416
34807
34158
33932
32955
33146
33146
33320
33052
33739
34528
34076
33244
34045
34566
34525
33631
34789
35493
34041
34429
34630
35420
35492
35301
35008
34502
35138
34890
34818
35126
35211
35152
34824
35695
35500
35350
35432
35875
35173
36283
36119
35666
34962
35094
35624
35790
35457
34428
35662
35446
34896
35039
36401
36055
35577
35746
36640
35653
36774
36180
36823
35405
35282
35625
36154
35961
34884
36457
37325
36357
35001
34948
34656
35220
35556
35260
35549
35079
35564
34056
34144
34405
35366
33718
34440
34371
33874
33994
34617
34181
33895
32884
32949
33102
34047
33599
32181
33882
34240
34412
33640
33152
32752
33098
33196
33189
33311
33816
32177
32498
33000
33414
32321
31730
33339
33176
33927
32135
32125
32493
33137
32637
32031
32549
31861
30644
31740
31625
31312
31747
31358
31216
31803
31217
30584
30423
30138
30009
30361
29585
29566
30914
30185
29846
30060
30761
29009
29188
30067
29926
28216
28596
28882
29147
29328
28506
28276
29544
29597
28614
28747
28057
28660
28059
27675
28468
27613
27951
26975
27986
27171
26977
26794
27245
27680
27260
27803
28407
27657
27248
26356
27342
27423
26815
27843
25740
26924
26719
26998
25896
25487
25367
25179
24293
25079
25902
24969
24265
23859
23929
24103
24507
24327
24239
23956
24348
23255
22762
23840
23465
23738
24238
23071
23003
23522
23741
22493
23594
23061
23054
21714
22385
21390
22252
21582
22057
21208
22174
21199
22798
21469
21216
21469
20669
21551
22530
22380
21283
22120
20738
21752
21187
21933
20748
20657
19650
19761
19745
20231
20680
19777
20298
20166
19653
19436
19990
20284
19951
20150
19167
18845
19630
19491
19115
19611
18926
19276
19671
18976
20071
19773
20040
18783
19950
19187
18590
18766
19003
18197
18314
18637
18655
17670
17896
18035
18599
17289
18744
19556
18447
18251
18273
19266
18201
18645
18307
17611
17968
17354
17317
17028
17912
18233
17727
17597
17466
17299
17750
16946
16278
17058
16594
15658
15950
16432
16405
16495
16349
15954
16115
15566
16990
16351
15206
16116
15574
15949
15123
15516
16608
15312
15562
14901
15230
15171
14713
14894
15591
15100
14236
13831
14095
14160
14036
13975
14133
14100
14335
14310
14556
13376
13941
13506
13440
13221
13472
12342
12450
12793
12968
12383
13799
13093
12688
12699
13079
13068
11966
12202
11646
12554
12474
12479
11839
11658
11809
11412
11179
11995
11239
11283
11137
11198
10921
10798
11282
11072
10411
10076
10915
10746
9981
9909
9888
9771
9697
10003
9528
8841
9554
9081
9500
9378
9781
9230
9676
8887
9064
9001
9360
8643
8836
8171
8306
8295
8022
7993
8187
7719
8327
8432
7843
7801
7839
8100
7244
7579
8483
8334
8303
7953
7818
7683
7370
6890
7027
6974
7164
6990
6892
6932
7101
6814
6643
6489
6423
5682
6211
6462
6314
5853
6444
6244
6047
5464
5242
5599
5753
5428
5386
5379
5355
5091
5250
5244
5673
5219
5350
5417
5224
5089
4993
5606
5300
4818
4961
5162
4592
4398
4683
4591
4348
4200
4222
4077
3932
4061
3822
4166
4077
4372
4046
4457
4725
4619
4254
4080
4257
3891
3744
3981
3571
3580
3675
3684
3658
4078
3334
3747
3896
3777
3551
3495
3568
3645
3412
3301
3440
3318
3219
3209
3080
3194
3089
2933
2898
3003
3110
3213
3144
2969
2945
2853
2809
2836
2626
2867
3005
3272
2908
2575
2522
2391
2504
2680
2572
2276
2429
2433
2491
2274
2391
2498
2376
2225
2435
2416
2098
2024
2239
2546
2425
2107
1981
1985
1881
1966
1899
1974
2205
1892
2009
2040
1929
1844
1723
1890
1858
1953
1939
1826
1656
2064
1738
1668
1666
1588
1819
1636
1631
1511
1568
1829
1718
1568
1887
1619
1506
1572
1480
1963
2008
2347
1341
1542
1145
1433
1371
1301
1229
1311
1219
1363
1714
1328
1805
1702
1345
1430
1404
1274
1264
1290
1237
1042
1248
1102
1168
1068
1108
1412
1355
1208
1067
1187
1208
1099
1142
1160
1061
1112
1235
1307
1159
1138
1216
1119
1007
1024
967
1032
1045
922
1010
953
876
836
905
986
1152
985
858
1069
940
846
896
935
1008
940
926
931
941
1044
947
1081
1038
916
1029
956
970
981
948
1079
893
815
925
939
897
868
909
862
1006
847
797
911
898
898
1082
966
979
988
900
957
1045
1034
1068
1002
1093
1088
1046
928
787
900
935
1042
1063
1122
1040
1093
1106
1159
1058
1165
1132
1009
1025
1035
1415
1299
1271
1306
1228
1271
1140
1262
1458
1454
1318
1334
1662
1539
1386
1270
1362
1400
1375
1462
1522
1561
1419
1411
1224
1438
1549
1425
1603
1461
1500
1555
1688
1588
1642
1607
2163
1793
1855
2078
3613
2042
2208
1932
2094
2165
2163
2012
2064
1933
1769
1826
2158
1995
2116
2274
2385
2402
2473
2401
2579
2542
2425
2454
2459
2567
2663
2502
2545
2712
2828
2707
2779
2997
2649
2697
2741
2949
2822
2830
3023
2880
2854
2847
2902
2955
3014
3230
3283
2848
2993
3562
3283
3706
3847
3455
3496
3732
3902
3926
3915
3951
3967
4012
3978
3953
4263
4081
4564
4362
4363
4393
4799
4462
4174
4264
4655
4748
4721
5127
4840
4860
4828
4838
5012
5337
5047
5122
5113
5444
5569
5201
5815
5691
5590
5366
5185
5384
5617
5648
6498
5957
5929
5509
5751
6122
5700
6180
6245
6707
6049
6157
6611
6613
6594
6774
6784
7917
7899
7452
7218
7549
7398
7762
7924
7883
8015
7530
8087
8106
8420
8142
8948
9214
8441
8082
8180
8293
7968
8159
8460
9078
9163
8862
9416
9202
9351
9070
9062
9049
9435
9625
8978
9121
9616
9529
9253
9617
9465
10025
9519
10160
10778
10225
9818
9990
10118
9871
10179
9765
10667
10790
10605
10324
9867
10322
10967
10869
11008
10637
11322
11105
11232
11439
11728
12394
11879
11483
11321
11534
11639
11518
11791
12469
12872
13354
12953
12941
13156
12792
11955
12355
12892
12617
13009
12920
12766
13256
13374
13155
12361
12548
12982
12683
13034
13337
13172
13842
14224
15076
14923
14602
14610
14288
14098
14580
14783
14741
14848
14505
15576
16260
16604
17541
17470
17313
17494
17657
17276
18295
18775
18116
17718
18339
18888
18735
18823
18328
20058
19530
19719
19977
20344
20293
21516
21500
21670
21951
21936
22919
21591
22417
22237
22634
22531
23787
23354
24617
23757
25023
25979
26383
26363
26740
26105
27111
27273
28038
28465
29155
30347
30141
31177
31638
30445
31158
31755
32824
33083
33348
34453
34848
35669
36226
36799
38491
39340
38794
39739
40574
40783
41318
41670
40983
42767
43590
42991
44191
44809
43780
45090
45579
45660
46148
45961
46920
46850
46511
46738
47748
46987
46759
47084
47687
48800
47922
47476
48999
49314
47347
47594
47195
48678
47667
47396
48151
48328
46692
47909
46684
47916
47828
49349
46505
46552
46158
46468
46523
46529
46827
46249
46810
45955
45884
46659
49331
48087
46745
46326
47179
45869
45350
45982
47191
47020
45818
45999
44358
43758
43656
45017
43797
44698
42816
42487
41756
41857
41697
41702
41002
40386
40841
39548
39232
39080
39540
39362
38178
37650
37313
37458
35860
36674
36051
35134
36055
34998
33604
33468
32723
33685
32764
33109
34044
32987
31872
31520
30792
31144
29960
29174
29908
29475
28486
29942
29162
28300
28419
28846
29112
29277
27799
28424
27474
27842
26771
27485
27226
27434
26719
26667
27024
25730
25944
25046
24311
24825
25272
23929
23739
24759
23348
24052
23976
23601
23372
24186
24220
25047
24240
24101
23436
24037
23327
23855
23286
22695
22621
23375
23314
22642
22017
22669
21671
21348
22191
21419
22001
22903
22179
21585
21337
21465
21479
22175
21834
23103
22277
22464
22786
21452
21154
21119
21748
21605
21287
21495
22309
22626
22376
20841
19821
20589
21307
20952
21190
20539
20548
20897
20572
20323
20833
21247
21004
21744
21639
21548
22121
21232
21715
21205
20804
21652
21252
20633
21035
20777
21766
20640
20602
20679
21306
20573
20909
21228
20753
20176
20614
20662
19739
19772
20310
20804
20678
20817
21154
20427
20477
20899
20807
22225
21683
20911
21069
20225
20515
21557
20757
20678
20893
20545
21628
21417
21247
19896
20375
21189
20711
20792
20774
20557
20029
20670
20273
20447
22030
21719
20804
21626
20265
20967
21378
20932
20829
20418
20716
19896
20743
20016
21108
19539
19854
20284
20362
20595
20531
21455
20795
20627
22149
21435
20803
21178
21207
21130
21390
20909
21549
21667
21105
21964
21212
22304
22311
21354
20873
21367
21763
22339
22604
22109
23464
22115
21942
22735
22943
22821
22273
23173
22342
22441
23099
23591
23335
23212
24056
24080
24232
23759
23268
22871
24073
24193
24579
25116
24124
24211
24348
24927
24590
24237
25387
25173
24811
25741
25251
25695
25083
25857
25091
25207
25739
26012
26772
26843
27461
26699
27068
27759
27535
26853
29007
27527
27581
28485
27845
28488
27457
27204
28519
28287
28120
27979
27483
29275
30125
29846
30269
29163
29980
30029
30426
29959
30559
29884
31122
29699
30126
31134
31418
30574
31934
32965
32193
32322
32372
32295
33165
32119
31951
31394
32455
32824
32840
32926
31866
31627
33266
33854
32509
32730
33381
32851
33495
32591
32528
31804
32643
32944
32957
33225
33347
33656
32570
32564
32874
34374
33297
33514
33435
32334
33005
33668
32204
33593
34092
33869
33876
33464
34298
34471
34500
33317
33479
33276
33124
33362
33042
33721
32390
33578
34335
32196
33789
33781
32644
31827
32563
33431
32611
32181
32816
31895
31633
32991
33433
32046
32009
29899
31304
31550
30734
31928
32360
31862
30703
30478
31133
31338
30254
30912
31205
30109
30018
30047
30483
30334
30131
30657
29693
29939
29355
30845
30450
29752
30652
29688
30121
29375
29178
29137
28799
28753
28678
29007
27986
29269
29707
29559
27410
27731
27513
27658
27975
27486
28114
27542
27918
27173
27641
26985
27368
26745
26575
26381
26914
28086
27494
27401
27061
26926
25976
25848
26241
25293
26753
26408
26575
25370
25548
25479
25794
26610
24770
25105
25464
24185
25335
26586
24607
24357
24636
24326
24076
23600
24350
24910
24647
23818
23510
22684
23319
23482
22868
23556
22803
23178
22695
24005
22376
22575
23403
22269
22939
23051
22839
22093
21228
21550
22170
21328
21454
21346
21487
20982
22526
21580
21936
21294
21274
21181
21294
20410
20816
20250
20376
20667
19583
19978
19765
20724
20470
19605
20495
19820
19781
21152
20151
20045
20240
19352
20752
20180
19672
19840
20045
19942
20977
20830
19213
19791
19402
20086
19508
19362
19000
19514
19381
19020
18841
18525
18409
18175
19631
18505
18638
19229
19180
18952
19049
19384
19179
19254
18936
18353
18262
19051
19669
18928
17878
17924
18675
18147
17928
19824
17866
18182
17922
17664
16898
18304
17896
18218
18500
17577
17444
17813
17716
18283
18991
17921
17701
17384
16815
17701
17392
17347
16543
17445
17927
16714
16748
16826
16769
16909
16581
15851
16977
16796
16601
15994
16126
17104
15941
15833
15668
15935
16460
15531
15022
15368
15915
16052
15870
15121
14868
15769
15222
14908
15696
14863
14460
14507
14044
14758
15969
14305
14297
14853
14396
13579
13482
13497
13093
13390
13842
13623
13444
13669
13782
13124
12955
12212
14058
13212
13261
13630
12745
13656
12467
12302
12301
12619
12452
12250
11755
12476
11879
12969
12395
11550
11197
11438
10567
10577
11702
10719
10869
10393
10671
10258
10015
10278
10708
10295
11036
10524
10561
10146
9546
9525
8883
9532
10089
9564
8717
8281
9315
9534
8976
8667
8816
8189
8711
8251
8433
8501
8857
8625
8068
8340
8049
8013
8356
8304
8538
8066
7964
7659
7729
8241
7813
7350
7248
6990
6844
6640
6657
7069
6786
6429
6593
6491
6463
6269
6354
6194
6743
6731
6396
6466
5876
6515
6053
5689
5545
5745
5656
5635
5195
5345
5875
5543
5033
5368
5924
5256
5104
4535
5092
4927
4884
5276
5082
4762
4835
5057
4869
4931
4567
4710
4726
4491
4433
4669
4471
4524
4230
4356
4491
4108
3933
4406
4204
4233
3991
4188
4258
3711
3781
3632
3849
3765
3637
3548
3900
3700
3908
3822
3620
3682
3456
3582
3569
3158
3595
3300
3191
3269
3303
3140
2981
3219
3161
2961
2813
3453
3175
2639
2782
2834
2755
3031
2651
3008
3003
2526
2534
2544
2788
2550
2270
2459
2255
2432
2551
2663
2529
2465
2294
2229
2307
2432
2278
2327
2625
3114
3065
3140
3023
2557
2331
2338
3017
3344
2848
2182
1957
2224
2088
2058
2259
1940
1790
1612
2024
1905
1843
1917
1934
2277
1933
1880
1821
1653
2005
2634
2151
3023
3119
2459
1926
2946
2977
1789
1666
1601
1553
1604
1448
1575
1607
1556
1350
1370
1394
1561
1411
1301
1495
1141
1273
1352
1262
1398
1461
1290
1187
1246
1254
1385
1278
1427
1356
1187
1365
1268
1322
1355
1230
1110
1243
1052
1251
1348
1225
1024
1249
1153
1260
1183
1208
1019
888
1108
1048
1008
1143
1027
840
972
1052
1137
1083
1083
969
1085
1013
974
1023
904
810
792
952
886
1053
949
990
1182
1000
836
973
883
881
1020
891
979
1000
911
1119
840
924
870
808
940
906
932
864
844
905
995
986
885
973
986
875
910
881
972
974
900
921
813
1008
927
835
876
909
901
1038
912
838
1026
1225
1103
996
878
878
1056
940
1010
998
974
949
982
869
1004
997
1027
1167
1282
1146
1283
1223
1112
1207
1191
1228
1225
1323
1110
1152
1324
1402
1329
1382
1427
1406
1415
1184
1238
1382
1428
1360
1559
1569
1693
1598
1415
1658
1608
1820
1872
1631
1901
2143
2161
1984
1855
2000
1873
2152
2091
1968
2184
2064
2247
2130
2104
2187
2165
2431
2370
2202
2446
2704
2398
2100
2195
2339
2293
2441
2533
2740
2783
2624
2708
2734
2662
2607
2827
2542
2911
2824
3150
3443
3098
3438
3065
2936
2853
3110
3307
3318
3216
3572
3083
3393
3341
3336
3419
3616
3652
4106
3616
3961
4216
4107
4102
3980
4150
4280
4514
4413
4418
4229
4592
4390
4558
4463
4631
4483
4678
4932
4923
4750
4521
4460
4948
5086
5235
5355
4923
5242
4958
4961
5074
5337
5464
5449
5424
5398
5376
5118
5661
5722
5736
5684
6288
6205
6162
6133
6016
6245
5941
5785
6237
6478
6188
6580
6681
6613
7000
6927
7002
7582
7176
7797
7446
7347
6932
7312
8450
7466
7545
7615
7484
7937
8149
8334
8223
8480
8396
8362
8321
8983
9493
9814
10130
9738
9604
8952
9683
9409
9505
9020
8973
9410
9531
9369
9411
9017
9553
10691
10781
10487
9783
9835
10307
9866
10995
9654
11082
10978
10129
10699
10211
10160
11320
11075
10909
10893
11271
10788
11887
12017
10927
11162
11051
11302
11768
11688
12105
12356
12003
12028
12196
12526
12504
12587
12452
12652
12933
12395
13115
12977
13944
15496
12604
12196
12504
13034
13263
13496
12630
14002
13699
13608
13803
13085
12980
13791
13215
13944
14841
14414
14894
14550
14826
17275
15399
16043
15517
16077
15905
16196
16524
17007
16854
16705
16841
17006
17038
17431
18632
18804
18331
18270
19027
19664
19245
18809
19821
19662
20842
20816
20794
20712
20854
21226
20957
21688
21763
23219
22487
21891
23576
25159
23877
24218
25635
25560
24742
25277
25528
26720
27136
26173
26166
27542
27988
28159
28115
28737
29628
29967
31883
30745
31222
31601
31817
31789
33211
33679
35048
34563
34202
34614
35262
36101
37015
38577
39273
39641
40623
41629
42530
42553
43048
43808
42649
44678
44772
45003
44319
45953
44758
45731
46928
46303
47973
48897
48740
48996
49736
49456
50822
51125
52319
51421
52946
51434
51840
52045
52719
52109
51574
50930
50080
51723
51686
53175
53332
52697
52257
51503
51563
51486
50579
51232
50729
51642
50285
50060
50687
50070
50152
49369
48367
49221
48231
48276
48816
49328
47884
47833
49606
47749
48228
50197
49377
48986
49283
49596
48491
48265
46557
46152
46561
46487
46408
45165
44006
43774
43566
43803
43696
43443
42243
42709
41988
41265
40623
40277
39983
39791
39629
39650
38116
38352
37781
38097
37738
37351
37164
36415
36752
36383
35671
34073
34338
34694
33930
33762
32572
32185
32752
34296
33376
31730
31349
32031
31034
30531
29791
30491
29654
30793
31171
30437
29561
28636
29376
28597
27121
27565
27156
27570
27546
27145
27097
27364
25463
25724
25357
26452
25904
25130
25279
25044
24294
24057
25004
25347
25187
25022
24594
24877
24671
24811
23612
24070
24070
23401
24134
24467
23925
23524
23598
23710
22421
22673
23130
22638
22993
23624
23445
24093
24098
22435
22496
23142
22829
22644
23058
23092
22726
23001
22391
23794
22731
22433
22744
23426
23795
22284
21896
21531
23185
23556
22561
22282
22800
22968
22354
21946
22544
22783
22128
22339
22121
21698
22311
22280
22279
21969
22901
22249
21863
21805
22643
21782
21300
21451
21553
21799
21795
21190
21646
21724
22010
21764
21127
21419
21736
21446
21895
22914
21803
22836
22598
20975
21311
21263
21461
21558
22292
21494
21420
21317
21061
20580
22577
21881
21236
20967
20937
21787
21556
21890
21561
21596
21693
22975
21977
21881
21925
21170
22636
22304
22116
20968
21645
22340
21775
21849
23112
22019
21825
22619
21211
21276
21524
21443
21722
21771
21538
21550
22006
22398
22028
21672
22086
21593
21507
22214
22784
22425
21511
21409
22003
21847
22080
21948
21798
22741
22835
23013
23538
23346
24028
23453
23510
23498
23950
23714
22836
22185
23348
23139
24902
22729
23548
23094
23095
23152
23343
22603
22761
22705
23752
23884
24110
24495
24326
24970
25886
24666
24259
25389
25228
26328
25870
26557
25456
26035
26031
25845
26420
26420
25586
26770
27053
26939
26300
26873
27101
27582
28890
28282
27899
28376
28807
28285
28726
28324
29736
28493
29755
30780
29914
30136
29939
29646
29969
28887
30134
30653
32109
31882
32543
35220
32620
32928
31980
31901
32070
31926
32586
32524
32566
31625
30783
31988
31037
33656
33240
33402
34229
33102
34190
33089
34050
33882
34412
33423
34305
34746
34481
34994
34471
34584
33917
34980
35076
35083
34426
34685
35008
35374
35028
34723
37041
35330
34645
35455
34372
34748
36738
36315
35913
34461
34891
35150
35168
35993
35139
35394
35806
36516
36108
35782
35156
36243
36597
36002
35947
35646
35904
35575
35834
36918
35787
35748
34381
35370
34787
35683
34726
34744
33965
33867
34103
35613
34264
34834
35696
33865
33605
34080
34385
34007
33583
33879
34077
33732
34015
33563
33112
32806
32491
33125
32509
33525
31941
32667
32633
32009
32751
31490
32124
31488
32172
31116
31224
32144
31544
31429
31175
30378
30121
30773
30786
30965
32349
30800
31592
30671
29953
30579
29480
30085
30577
29861
29794
30315
29033
29169
29444
29208
28758
28349
28947
28438
28099
28770
28912
29014
28092
28109
28495
27565
28105
27367
27247
27584
27273
27290
28481
27027
26780
25777
25307
26166
26963
26965
25341
26264
26200
25992
25690
26140
26597
25544
25314
25552
26276
25361
25511
24817
24929
24279
24187
25633
24613
25085
25725
24833
24053
24591
24266
23806
23747
24491
23729
23536
23915
24245
23846
23477
23120
22717
22441
22463
23001
21931
21524
23166
23477
24434
23242
21801
22226
22876
23101
22086
22899
22173
22765
22077
21772
22478
22574
21296
22165
21397
22381
20954
20574
21039
21525
20829
20850
20283
20139
19322
20722
21394
20899
21686
20663
20531
20133
20267
19614
20383
20837
20425
20277
20529
19840
20203
20067
19525
20007
20075
19166
19212
19932
18915
18624
18650
19668
19683
18841
18874
19029
19542
20104
19748
18853
19176
19306
18853
19253
18430
20081
18237
18531
18899
19202
18357
18062
17675
17917
18137
18123
18520
18716
18723
18507
18640
18385
17707
18437
17783
18876
19118
17537
18059
17771
17316
17501
17221
16994
16698
16843
17321
17591
18250
16515
16472
16354
16642
16966
17447
16785
17026
17186
16839
16812
17475
15560
16986
16792
16112
15590
16426
16287
16179
15496
15481
15953
15099
15729
16409
16337
17087
15892
15541
15254
15205
14953
15045
14509
14446
14789
14320
14311
14293
14504
15029
15405
14067
14757
14271
14453
14414
13931
13816
13026
12994
13305
13102
13147
13180
13052
13260
13115
13588
12579
13079
12856
12423
12343
12248
12610
12044
11706
11333
11712
12113
11873
11583
11449
11403
10995
11042
10877
11400
10936
10609
10684
10239
10026
9696
9914
10284
9669
9572
9700
9893
8920
9187
9140
8961
9112
9522
9352
9358
9656
8827
8857
8922
8901
8957
8163
8455
8272
8078
7787
8019
8011
7913
7569
7889
8114
7481
7851
7508
7091
7159
7493
7398
7902
7679
7208
7069
7200
7107
7018
6784
6663
6723
6645
6509
6605
6569
6243
6353
6399
6324
6665
6232
6133
6304
5876
5865
5809
5680
5632
5533
5506
5428
5508
5295
5434
5248
5218
5346
5325
5196
4998
4969
4917
4995
4965
4930
4960
4738
4525
4455
4948
4692
4661
3984
4260
5128
4640
4482
4563
4450
4280
4231
4370
4198
3880
4005
4384
4498
4111
4321
4459
4089
4474
3508
3442
3523
3625
3684
3414
3423
3968
3294
3423
3665
3390
3245
3492
3338
3183
3017
3290
3137
3119
2962
2862
3034
3292
2654
2770
2979
2894
2851
3027
2986
2981
2686
2840
2628
2496
2499
2377
2587
2510
2694
2475
2730
2828
2353
2217
2399
2569
2419
2294
2273
2219
2111
2193
2283
2305
2291
2239
2332
2181
1919
2032
2033
2042
2121
2174
1981
1929
2067
1788
1901
1704
2066
1944
1731
1888
1888
1692
1598
1595
1747
1914
1732
2122
1750
1827
1685
1712
1806
1976
2015
1503
1568
1655
1673
1607
1470
1385
1343
1398
1398
1294
1398
1411
1331
1594
1698
1212
1099
1259
1427
1263
1255
1328
1452
1372
1564
1212
1254
1335
1399
1288
1124
1380
1218
1270
1324
1357
1089
1168
1128
1197
1235
1057
993
1036
935
1096
1096
1359
1203
950
1033
1003
1094
873
984
942
980
1097
1032
1035
877
1064
924
957
1034
1258
916
994
1123
934
899
883
994
986
1060
925
912
882
776
907
1062
891
1028
1020
877
894
835
936
875
1009
1076
893
914
944
933
894
955
921
705
840
893
1010
912
973
930
876
986
961
991
921
1077
1130
1090
994
978
955
1060
891
963
1157
1168
1598
1100
1014
1137
1182
1051
944
1115
1012
1088
1121
1040
1174
1187
1146
1001
1011
1222
1333
981
1007
1167
1249
1182
1224
1377
1316
1285
1322
1295
1274
1352
1370
1207
1305
1453
1616
1746
1752
1440
1706
1748
1584
1766
2084
1832
1785
1864
2060
2105
1911
1953
2008
3677
2235
2027
2195
2128
2306
2276
2340
2694
2277
2219
2406
2323
2915
2330
2207
2560
2506
2356
2373
2671
2707
2613
2635
2511
2790
2841
2743
2669
2945
3112
3120
2867
3061
3180
3145
3279
2920
3380
3306
3108
2963
3151
3378
3296
3228
3413
3296
3302
3299
3521
3787
3766
4227
4039
3731
4146
4025
4114
3800
4516
4228
4031
4288
4831
4541
4851
5128
5439
4812
4822
4705
4870
4734
4949
4667
4793
5018
5061
4963
4981
5283
4829
4969
5296
5519
5193
5657
5761
5583
5782
5482
5891
5736
5823
5707
5986
6031
5998
6614
6515
6584
6277
6915
6604
6565
6602
6896
6473
6403
6717
7187
7569
7366
8066
7609
7597
7285
7596
8028
7963
8126
8217
8398
8248
8399
8744
8672
8877
8315
8685
9246
8800
9061
9116
9048
9396
8902
9157
9303
9231
9341
10296
9385
9619
9325
10917
9992
10363
9973
10269
10152
10262
9669
11562
10736
9716
10783
10058
10359
10899
10861
11276
11297
11374
11409
11526
11465
11102
10712
10906
11967
12185
12137
12543
11696
12436
13190
12602
12880
12584
12572
13083
12140
12165
12533
12365
12560
12400
13040
12150
13009
12744
13176
13718
12861
13177
13468
13478
13140
13307
13713
14170
13753
14210
14141
13612
14074
14496
14310
13880
14517
14156
14534
15051
15580
15525
15397
15409
15924
16207
15743
16127
16397
17403
15869
16388
17011
15911
16637
16811
17443
18031
18577
18076
18090
19151
19018
18896
19352
19229
19819
20122
20442
20653
20908
20419
20774
21405
21460
21530
23199
22371
23245
22501
22674
24441
24832
24249
24834
25347
24842
25041
25349
26193
25862
26969
27012
27203
27942
27594
28676
29422
29920
29847
31531
31603
31771
32764
32515
33062
33670
35517
35015
35139
36581
36762
36186
36771
37212
38078
38288
39239
39893
42899
41400
42208
43658
43867
44344
44334
46263
45137
45967
47109
47279
46736
47171
47817
48754
48196
49024
48526
49667
49861
51364
51731
51430
51459
50994
51246
54181
52617
52595
51896
53129
50963
50720
50887
51319
52264
52281
52769
52214
53816
53571
51904
52774
52236
51426
52038
50754
50319
52714
51626
51556
50431
50807
50080
49181
48274
48702
50233
49458
51682
50401
50798
50670
50763
48903
48690
48806
50376
50103
48829
49741
49663
48844
47901
47224
47269
46478
45979
45611
45484
44244
43297
43918
45559
45292
44070
42793
42304
42863
43173
40844
39854
40807
39680
39099
38849
37632
37750
37528
36228
37554
37089
36529
35237
35747
36057
34387
34466
33411
33087
33384
33795
33659
32559
32354
30613
30942
30844
31819
31255
29958
31252
29878
30112
30758
30974
30154
29558
30388
28611
28435
28172
28450
27585
28806
27920
27225
27390
26116
27219
26642
27772
26557
25611
25995
26115
25037
25819
26093
25275
25499
26014
26245
24986
25710
24545
25427
24344
24681
23642
25889
25703
24907
24514
25049
23857
25088
24975
23744
23188
23195
24633
23743
23246
24016
22938
23627
23852
23660
24155
23645
24396
23301
23008
23335
22939
24083
24023
23567
23683
23055
22844
23371
22932
23417
22669
22639
23332
23030
23093
23427
23659
22434
23568
22853
23538
23625
23112
23372
23435
24232
24263
23597
22219
22666
22791
22238
22330
22223
22396
21910
21587
22021
23456
22155
22006
22374
21790
21847
21976
22558
22309
23836
23165
23700
22314
23060
22094
21383
22394
22638
21791
21430
21711
21470
21324
20904
21251
21129
21458
21727
22501
22753
21806
21248
21736
21913
22187
21537
23275
21829
22352
22037
21652
21322
22324
21207
21791
21819
21753
21227
21686
21501
21692
21401
22104
22261
21548
22105
22666
21815
23514
23767
23100
23458
21383
22294
22504
22449
23417
22949
22397
22850
22418
22301
22529
22804
23431
22927
23141
23074
23175
23422
23263
22680
22368
22471
23374
23886
23882
24350
23461
23918
24778
24213
24509
23461
23846
23927
24332
25196
24640
24869
25861
25283
25889
25407
26356
25781
25637
25382
26826
26288
25871
25963
26608
25304
26321
27030
26288
27176
27696
26667
26754
27707
27972
28922
28676
29541
27798
27024
27823
28389
28076
27656
28616
28485
29388
29978
29695
28778
28275
30032
29875
30372
30099
30710
32596
33724
32068
33132
31773
31728
32267
31245
34921
33519
31057
32712
34054
32822
34243
33312
32992
34293
34127
34342
33414
34097
34584
34019
35309
35310
35518
37236
36606
37280
37317
38644
36875
38682
39993
39460
36693
36933
36552
36081
36692
36490
35904
36463
37957
36807
37369
36229
36275
36321
37313
37497
37425
37031
37501
37872
36539
37513
37679
37500
38609
39010
39092
39788
40184
38814
38539
39001
39648
39290
39821
39742
39942
39078
42148
39836
39847
39354
38496
38938
38509
39013
39147
39120
37548
37844
38531
37183
37621
37087
38221
37421
37904
37900
37326
37460
37556
37750
38473
39293
38433
36961
37627
37828
36366
36191
36085
35846
34882
35505
35901
35361
36323
36442
35743
35293
36312
36685
35835
34149
33661
36340
35464
35131
34788
34364
33856
34278
34744
34796
33946
35148
34137
33173
33697
33433
33205
34481
33686
33281
33536
32565
33169
34291
32720
32603
32502
34500
31560
32195
33065
33017
31411
32217
32014
31990
31623
30711
31028
31403
30344
30407
29767
30132
30315
29051
28598
28187
29235
29596
29408
29598
29387
29353
29770
29179
29868
29105
28825
27956
28286
28125
27778
28471
27776
27667
27975
27349
28038
27363
27460
27450
26885
27774
26604
26795
26002
25898
26442
26642
26149
26441
25531
26908
26436
24855
25172
25526
25334
26788
25409
24899
25624
25311
25666
25566
24976
24574
25672
25148
23730
23988
23853
23930
23452
23458
24360
23259
22416
22054
22823
22164
21998
22112
22962
24185
23048
23412
22770
22733
22286
22402
23028
23201
22117
22782
22531
22465
22052
22746
21220
21979
22742
22855
22635
23021
23078
22036
21190
21033
20907
20767
21676
22018
21389
21226
21144
21545
21710
21358
22128
21228
21108
21667
21477
21283
20769
20750
19990
20689
20486
21420
20020
20977
20926
20539
21079
21378
19974
20378
20079
18998
19370
19770
20073
19523
19287
19174
20093
20457
19125
18320
19384
19130
19219
19426
19119
18872
18720
19414
18696
18876
18647
19008
18096
17899
18595
17341
19691
17959
18130
18155
18482
19438
18842
17726
17596
18553
18563
18683
18877
18347
17818
18062
18156
18356
17663
17989
18758
17509
16891
17035
16895
17311
16624
16699
16295
16373
16732
15915
16488
15834
15570
15901
15604
15267
14914
15545
14622
15540
14813
13882
14998
15452
14917
15343
15246
14514
14617
15853
15142
14416
13928
14904
13948
13300
13525
13335
13618
13732
12724
12747
12560
13207
13006
13183
12474
12888
12908
12600
12224
11221
11883
12867
12016
12100
11886
11559
11376
11065
11331
11085
10665
10540
10543
10653
11157
10489
10228
9924
10811
10303
10296
10445
10211
10421
9907
9729
9886
9758
9471
9727
9535
9254
9241
8859
9146
8630
8831
8904
9027
9260
9217
8404
8708
9086
9101
8227
8291
8079
8042
8174
7809
7403
7624
7142
7175
7917
7747
7562
7606
6885
7176
7203
7251
7188
6973
7070
6935
6908
7346
7301
6671
6535
6266
5880
6406
6314
6281
5924
5758
5941
5743
5812
5913
6340
5861
5832
6307
6046
5821
5530
5974
5096
5332
5501
4951
5322
5473
5492
5502
5217
5285
5518
4870
4833
4659
4659
4592
4994
4526
4791
5223
4564
4343
4310
4412
4886
4296
4598
4296
3993
4144
4433
4109
3936
3847
3793
3948
3778
3995
3845
4089
4111
3900
3851
3401
3561
3703
3614
3671
3442
3698
3642
3626
3569
3495
3275
3734
3863
3566
3430
2882
3201
2993
3089
3256
3359
2727
3013
3133
3383
2828
2958
2822
3017
2857
2915
3002
2872
2838
3050
2960
2814
2981
2560
2847
2960
2963
2932
2436
2369
2485
2552
2443
2571
2551
2259
2408
2586
2579
2435
2765
2685
2434
2774
2525
2183
2422
2348
2129
2964
2307
2285
2370
2316
1901
2095
2093
1929
1933
2055
1935
2126
2143
2066
2115
2064
1897
1842
1948
1964
1943
2507
1812
1537
1845
1871
1626
1536
1999
1854
1867
1703
1814
1731
1740
1704
1694
1674
1587
1467
1499
1728
1579
1550
1646
1617
1414
1571
1389
1508
1354
1353
1427
1302
1340
1230
1224
1426
1441
1312
1463
1281
1358
1432
1250
1371
1281
1381
1686
1443
1267
1207
1285
1365
1368
1135
1552
1384
1186
1171
1195
1120
1079
1145
1035
1195
1077
1075
1130
1111
1156
1141
1120
1060
1023
1058
1096
1139
1039
1007
1149
1367
1342
1274
1255
1098
1181
1031
1125
1055
1183
1239
1191
1176
965
1189
1141
1217
1175
1142
1101
1191
1141
1062
1142
1093
1062
1070
1301
1392
1428
1328
1246
1233
1307
1429
1332
1422
1363
1756
1662
1761
1608
1685
1755
1527
1438
1710
1569
1417
1350
1465
1425
1471
1371
1504
1593
1547
1738
1901
1773
1589
1582
1690
1773
1807
1804
1892
1905
1915
1881
1882
2026
2006
1783
1980
2244
2216
2760
2216
2650
2440
2404
2549
3167
2739
2448
2355
2171
2585
2695
2700
2726
2823
2898
2572
2723
2856
2903
2834
2799
2969
3173
3169
3436
3177
3443
3121
3340
3793
3430
3246
3575
3209
3280
3292
3738
3986
3942
3807
3580
3842
3626
3645
3719
3819
3779
3724
3892
4187
4257
4341
4575
3975
4195
4398
4709
5006
4325
4988
4864
4933
5030
5168
4858
4939
5407
6016
4931
5170
4925
5319
5802
5290
5462
5338
5167
5163
5413
5204
5967
5769
5976
6290
6845
5951
6728
5954
6281
6199
6545
6820
6998
6675
7067
6511
7008
7090
7020
6864
7219
7154
6977
7840
6961
7302
7207
7105
7153
7708
7864
8115
7571
7742
7975
8501
9043
8805
9604
8801
9206
9803
9575
9849
9907
9249
10284
9717
9816
9966
10443
9867
9825
10076
9745
9989
9818
10438
10011
10038
10252
10337
10399
10927
10521
10349
10727
11043
10385
10399
10851
11169
11581
11653
11765
11949
12143
11584
11742
11245
12410
12872
12419
11999
12450
12569
12050
12417
12895
12750
12528
14131
12913
13644
13061
13582
12683
12768
13471
13175
13971
14259
14061
14088
14285
13827
14593
15333
14608
14309
15102
15621
14625
14359
14149
14881
15502
15435
15415
15997
15162
15299
15153
15658
16011
15254
15626
15442
14800
15058
15685
16564
15871
16164
17079
17472
16202
16222
16742
16689
16693
16851
17183
16768
16782
17692
17495
18048
17079
18242
18258
17567
18238
19212
19567
18545
19338
19381
20120
19369
19924
20468
20685
21456
20783
21150
20838
21710
21571
22833
22877
22409
22932
23224
23618
24519
24461
24776
24897
23556
25446
25574
26740
26596
27099
26672
27532
28056
28684
28634
31676
31081
30631
29623
31576
30592
31391
31475
31370
32699
31947
33010
32973
33872
34727
34987
36334
36526
36996
37779
38387
37787
37235
38516
40017
39874
40202
41608
43716
43540
44479
46165
45809
46276
45782
47248
47378
48087
46744
47607
48962
49026
49518
50877
50443
50293
51005
51961
53398
51809
53702
52733
52677
53102
54425
53695
54945
54086
52610
52156
53011
53447
53486
54623
53568
53006
53752
55001
54487
53783
54595
54006
55170
54274
53285
53553
52480
53736
53758
54461
53169
51581
51763
51157
51940
50427
51076
50679
49590
49443
50651
51100
54263
54143
51592
54673
51671
49675
51373
50369
50842
51144
49304
49333
48899
48259
47375
48512
46946
45808
46577
44833
45441
45037
44128
44080
42603
43548
43512
43074
43996
42059
41484
41556
40787
40926
41829
41163
39372
39455
38366
37699
39768
37519
38223
36966
36658
37333
36648
36371
35852
37302
35735
36030
35202
35051
34932
33109
33874
32487
32297
32630
32359
32625
32333
31684
31664
31371
30972
30950
30668
31149
31425
30379
30099
29368
28987
29470
29746
29472
29295
28530
29073
27788
27088
27871
26433
27008
27192
26499
26650
26735
27064
26729
27139
26937
27285
27816
26135
26751
26454
25643
26483
26060
26489
25615
25497
25966
25766
25360
25315
25539
24986
24423
23810
25040
24067
23915
24772
24670
25076
24713
24118
24380
25206
24828
25569
24860
25170
25125
25879
26198
25587
25488
24774
24491
24195
24705
24457
24158
24762
24470
23555
23656
24126
23459
23815
24228
24471
23340
23865
25361
24166
23950
24265
24822
23948
24654
23671
23959
24283
23892
23577
23960
24505
24153
24861
23538
23498
24101
24496
24116
23693
22539
22777
23332
23424
23662
23691
23053
23121
24390
24298
22947
24302
24003
23079
23251
24384
24300
24272
23193
24255
23648
23512
23343
25091
24385
24071
24143
23267
22812
23051
22659
22134
23319
24308
23872
22936
22588
24578
22929
23947
23638
23547
23428
22671
23342
22911
24091
23915
23777
24188
23973
23865
22947
23592
24220
23743
25557
24688
24288
24538
23191
23237
22916
23875
24199
24147
24152
24937
24963
25550
24923
24560
24691
24840
24312
25146
26485
25410
25255
24110
24957
26074
25082
24064
25411
26063
25475
25434
25156
26066
25974
26899
27391
26626
27918
26799
26420
26523
27604
27427
26998
27981
27447
26906
27747
28603
27059
27473
27351
29310
27970
28014
28419
29567
29095
28876
28473
28564
28887
29923
29955
30311
29340
29114
29769
28397
30153
29395
30030
31155
30685
31122
31162
31151
31279
31639
31516
31394
32055
33238
33565
33888
33549
34458
34551
33516
33834
34124
34243
34310
33474
33589
34309
33819
34561
33907
33636
34335
35137
34987
33579
34142
34259
34365
34745
35438
35603
36634
37267
36129
35015
36074
35407
34760
35962
36364
36345
36890
35822
35961
35837
36253
37276
36887
36378
37336
37073
38627
37495
37232
36911
36340
36689
38045
37567
38279
37794
38150
38874
38770
38008
38172
39057
39288
38620
39054
38067
38505
37219
37569
36953
37178
37826
36730
38428
37892
39616
39047
39700
39369
38079
38413
36597
37013
37602
37138
37314
37199
37406
37920
37817
37053
37328
38081
38908
39523
38461
37179
37778
41031
38166
37121
38541
36893
36323
37095
37326
38354
37313
37041
36745
35818
36429
36636
35716
36048
37108
35467
35016
35552
37691
35276
36325
35800
36278
36701
34351
34802
34595
33503
35503
33488
35112
33769
34841
34530
33842
34287
35129
34448
34459
34104
34949
34527
34402
33577
33180
33792
32347
33393
33724
33729
33102
32477
32820
32766
32592
31738
32209
33095
31474
31848
31023
31654
30428
30454
31357
31119
32228
31506
31899
30473
30569
30430
30577
30887
30344
30478
30659
30041
29838
30226
31084
31198
30009
31199
29765
29385
29886
29630
30278
28712
28998
29461
28302
29005
29403
29827
28964
29523
29030
28865
28051
28034
28707
28835
28052
28611
28372
28289
28883
28604
28538
27710
27783
27784
27272
27098
27378
27035
28228
27244
26860
26728
25405
25776
27242
27704
27454
30068
28978
26329
27047
27205
27556
26605
26881
25795
25595
26354
25883
25705
26686
25731
25480
25041
25298
25822
25011
25581
25245
24878
25094
25648
25220
25040
25659
24549
24435
24621
25227
24802
24879
23880
24591
24388
24857
25098
24282
25259
23875
24333
24713
24565
24194
24743
24224
23847
22837
23510
23086
23354
22510
22033
22153
22616
22048
22298
22117
23209
22576
22471
23007
22655
23697
21721
22670
23214
22553
22051
22170
22490
22546
22703
23718
22637
23218
22198
21311
22009
21594
21894
21471
21284
22905
21850
21737
20793
21311
21415
22164
21714
20518
21382
21233
20528
20354
20866
20398
20463
20658
21166
21106
20987
20498
20617
20454
20403
20068
20226
20175
17783
18472
19827
19248
18562
18951
19095
18630
18093
17969
18728
18515
18227
18453
18879
18525
19137
18884
18416
18648
17567
17632
16983
16494
17484
17663
17560
17456
16059
16016
16609
16835
16706
15631
15923
15774
16627
15269
15674
15901
15457
16048
15558
15036
15180
15509
14858
14767
15009
14643
13954
13962
14242
13440
13609
13703
13623
12663
13001
13160
12988
12824
11516
11953
11463
12589
12561
12687
12762
11781
12467
12303
11893
11494
11620
11554
10996
10894
11741
11352
11349
12089
10307
10236
10335
10421
10804
11119
10921
10430
10690
10541
9544
9767
9583
10379
9599
9642
9652
9771
9193
9225
8979
9526
9547
8878
9088
8742
8869
8919
8406
8302
8916
8278
8448
8260
7889
7942
8007
8259
8092
8260
7889
7676
7359
7332
7258
7225
6664
6744
7047
6849
7237
6759
6883
6989
6722
6749
7228
7109
6610
6381
6857
6700
6552
6437
6577
6623
6044
5991
6273
6148
5934
5368
5557
5297
5485
5175
5203
5211
5206
5139
5713
6020
5127
5168
5428
5323
5110
5133
5076
5665
4998
4859
4920
5273
4848
4477
4417
4563
4231
4433
3911
4049
3730
3946
3721
3936
4136
3999
3989
4525
3887
3850
4200
4184
4331
3487
3858
3735
3959
3897
3916
3459
3480
3581
3390
3345
3434
3281
3140
3582
3491
3277
3044
3168
3118
2949
3017
3045
2810
3227
3393
2788
2997
2976
2895
2862
2773
2715
2832
2616
2692
2850
2466
2390
2565
2448
2533
2706
2611
2711
2324
2446
2443
2448
2347
2749
2309
2277
2451
2425
2375
2136
2621
2538
2189
2323
2172
2217
2183
2209
1930
1759
2290
2013
1872
1905
2122
2223
2340
2442
1725
1729
1898
1687
1805
1700
1783
1823
1934
1855
1785
1983
1776
1794
1668
1830
1637
1621
1686
1714
1794
2029
1560
1417
1249
1496
1478
1531
1454
1310
1436
1211
1259
1261
1326
1275
1219
1130
1197
1202
1349
1396
1249
1242
1216
1206
1341
1314
1240
1269
1122
1209
1235
1122
1011
1068
1089
1055
1082
1080
1137
1204
995
1054
958
996
1018
1114
1147
1073
1057
979
972
934
1240
1075
1042
1048
958
1116
1176
1044
1057
1215
1087
1052
1009
953
1113
1180
1207
1116
1003
1248
1014
1122
1221
1061
1002
1131
1312
1273
1153
1339
1398
1210
1288
1339
1404
1298
1352
1469
1327
1200
1493
1492
1389
1224
1299
1524
1456
1332
1566
1787
1652
1727
1551
1655
1702
1505
1626
1569
1600
2233
1502
3439
2384
1956
1901
1598
1808
1829
1775
1642
1720
1922
1919
2013
2028
2195
2161
2621
2564
2718
2858
2776
2611
2481
2417
2619
2994
2833
3017
2658
2919
2772
2687
2812
2894
2977
2884
3171
3380
2950
3122
3227
3202
3097
3668
3126
3161
3528
3462
3550
3341
3681
3552
4023
4046
3729
3689
4135
4070
3940
4027
4084
4449
4313
5067
4434
4281
4473
4158
4647
4494
4440
4609
5010
5083
4860
4546
5416
5456
5659
5760
5484
5886
5743
5651
6113
5648
5454
5665
6313
6351
6326
6097
6104
6360
6782
6013
7513
7554
7402
7082
6994
6617
6822
7693
7508
7551
7478
7857
7540
7811
7589
7467
8224
8258
7868
8219
8664
8519
8693
8732
9142
8545
8984
8672
8986
9288
9151
8973
9269
9373
9262
9122
8820
9518
9498
9076
9799
10406
10068
10323
10634
10261
10375
10581
10588
10815
10993
11049
10352
11064
11427
11273
11513
10946
10678
11327
11422
11862
11713
12027
11842
12482
12346
12300
13242
12698
12422
12489
12587
12578
12558
12780
12874
14485
14807
14366
13510
13648
13197
14034
14195
15196
14575
14401
14233
14538
14056
14296
14353
14797
15133
15822
15859
14359
15738
14922
15403
16905
15861
16019
16301
15974
15509
16636
16172
19485
18127
18243
17060
17331
16099
16924
17281
16620
16584
17393
17758
18103
18189
18596
18646
18042
18501
19669
18650
18155
18832
18794
18971
18923
18600
19453
19138
19079
18776
20011
20390
20591
20544
20573
20927
21221
21482
20903
21776
20840
22250
22554
20928
20570
21016
22640
22874
23043
22445
23816
25199
24784
24018
25507
25268
24891
25525
25169
25795
25555
25594
25999
26584
26088
26517
26924
28884
28270
28677
28296
28692
28926
29402
29051
30437
30232
31510
31895
31201
31846
33137
33183
33526
33182
34040
33499
33063
33749
34504
33774
36329
34977
36869
36732
37029
38314
39597
39777
39627
40103
39093
40142
42086
40298
43129
42249
42688
41937
42055
43496
43922
44047
46123
46223
46890
46048
45694
48450
46684
48040
50383
48780
49329
48735
50103
50131
49239
50085
50757
50559
50659
51275
50809
53996
51957
52092
52793
52426
52240
51866
53467
55769
54520
52585
54195
55410
52837
53282
54333
56938
53741
54103
54226
55084
57039
55676
57781
56053
55413
54104
55190
54723
55617
56267
55726
55261
54623
54547
56138
54933
54477
53626
55481
56756
55073
55450
56958
56236
54681
55734
55875
53705
54009
53765
52726
51921
51678
51912
52029
53174
52512
51142
51176
51925
50709
49934
47967
48157
48279
48701
48152
46668
46982
46920
46844
46736
46827
45110
45325
45212
45097
43282
44277
42546
43022
43318
42789
43999
43558
41216
42155
39909
40068
39138
41097
40804
41580
39625
39887
38461
38594
38293
38326
37643
36124
37081
35908
36480
37392
35732
35281
35213
36126
35004
35243
33971
34469
34243
34065
33864
33569
32194
32900
32803
32560
33333
32401
32234
31857
31818
31906
31859
30838
32641
32167
32703
33370
32665
30314
30083
31604
31384
32028
30219
30597
31506
30021
30229
30114
29334
29303
30274
29150
29175
29120
30007
29076
29096
28690
29448
28499
28183
28032
29148
28439
28299
29123
28477
29343
28963
28988
29258
28997
29112
28638
28813
28154
29022
27583
26824
27927
28143
27451
26534
26154
27065
26727
27367
26765
27528
27843
27255
26924
26928
26576
26904
26768
27042
26829
26641
27630
27289
27185
26614
26609
26129
26384
26514
25851
25860
27045
26927
26474
26395
26776
26285
27251
26875
27268
26723
26208
24932
25802
25355
26433
26835
26164
26104
25777
25100
25765
25764
27437
26679
25869
26694
25707
26131
25904
25969
26482
26433
26227
26316
25823
25738
26215
25667
26402
25995
25599
25695
25344
25919
26397
26351
25100
26499
26101
24514
25860
25648
25710
25195
24992
24920
24347
25333
25044
26752
26187
25674
24564
25216
25565
24838
25354
25011
25221
25983
24818
24495
25752
25566
25431
26486
26060
25821
25058
25397
25418
24822
25359
26345
26793
27232
26075
27193
26146
27537
26357
27281
27752
27460
28048
28622
27816
26962
27747
27345
27965
26713
27699
27960
26442
28101
27427
28067
28439
28182
29085
29412
28974
28263
30010
29210
29362
28453
30312
29581
28316
29577
30460
29871
30069
29637
30082
30608
29652
29467
30617
31799
31259
31674
31662
31227
30842
31613
32341
32560
32073
32443
32628
32299
32907
32954
33301
33442
33112
33387
34541
33071
34204
34550
35422
35529
35319
35474
35515
34898
34906
35427
36183
36792
36718
36582
37335
36722
37830
37489
37342
38496
39445
37740
37653
39252
39793
39476
38315
38078
38508
37805
38656
37644
39352
38330
38344
37840
38318
38656
39489
39844
37439
39078
38860
39248
38802
39554
38004
39162
39816
39451
40388
39450
39350
38402
41941
38505
39190
39239
39376
37756
38182
39669
38207
38709
38449
38139
38488
37729
38163
37632
38200
38638
37167
37423
39102
37688
38900
38252
37292
36762
37443
37367
36579
37073
36650
38894
37938
37264
36448
37349
36943
37405
38742
38202
38158
37690
35585
38042
35452
36932
36424
37672
35419
36599
35786
35892
35681
36322
36333
35595
35796
35171
36043
36414
37220
36264
36314
35984
37074
36565
35242
35803
35459
36378
35699
34060
33958
34989
34709
34276
35214
36466
34693
35419
34468
33537
34803
34320
33983
35269
34945
34334
34638
33196
32904
32602
32779
32959
33167
32768
32692
32321
33526
33198
32015
32032
32174
32929
33794
32467
31653
32543
32451
32977
32623
32665
31892
31829
32013
32313
31653
32369
31522
32206
32365
31543
31324
31325
30479
31351
30819
30952
30606
31775
31320
30653
31415
30174
30398
29171
29261
28996
29600
29408
28970
30173
29719
29178
28830
29314
28968
29729
28687
29017
29603
28587
28847
29017
29186
29182
28060
27318
28385
27375
28129
28741
28650
27255
27101
27657
26408
26863
25951
26281
26970
26566
25787
26517
26151
26272
27143
27927
27312
26350
26896
26851
27456
26859
25624
26933
26041
27088
27039
26099
25883
26658
27037
26128
26200
26207
25345
26206
25697
25225
25340
25422
25334
24787
25929
25303
25355
25833
25458
26865
25025
26008
24316
25142
25222
25224
25317
24722
24449
24985
23919
24363
24497
23605
23456
23126
24047
23038
23701
24719
25054
24040
23986
23940
24460
24549
24045
24559
22947
22867
22907
22237
22321
22391
22780
22127
22367
22693
22623
22811
22515
21892
22109
21330
21069
21884
21419
21151
21907
20994
21315
21735
21725
21609
20318
21727
20811
20310
21344
21028
20803
20818
21271
20962
20799
20743
21338
20699
19865
19918
21111
19822
19472
19878
19529
19232
18492
18770
18781
19081
18662
18140
18277
18051
18468
18806
17988
18099
18227
18648
19032
18150
17828
17868
16648
16827
17557
16889
16267
16736
16474
16378
16287
16046
15497
15782
15342
15858
14913
15170
15771
15192
14286
15043
14979
14385
14210
13735
14151
13515
13617
13435
14318
13779
13681
12901
13240
12151
12208
12072
12298
11715
11527