120951
107543
98551
92532
80852
75251
69049
62928
54810
50234
45812
41436
35608
33608
30327
28747
25386
23277
21323
19166
17446
15643
14460
13432
12053
11270
10795
10653
10041
9954
10478
10634
11737
12930
14295
16406
19161
24159
25936
30341
35549
37932
46001
53728
62124
68952
75248
85347
92002
101023
111835
118230
128365
133697
146386
153566
165428
170932
181272
202373
223978
247778
277575
306337
341306
378526
433402
474590
512683
537986
558442
561804
559806
549033
511028
469632
443544
397008
373070
351587
332949
316438
303295
290182
284121
281963
271676
268797
270443
261749
262223
261270
258663
254757
256330
259664
263665
271775
270856
282919
284872
302250
317485
338280
345663
353509
372298
377342
381872
388648
390610
381223
377248
372537
364513
364031
358982
348810
337725
334337
325523
315675
313140
303812
292149
284645
270700
274611
271162
258565
253182
247785
236422
237180
227700
220443
210674
205029
192632
182636
169395
160727
147027
131888