70993
70697
71466
70944
71045
68620
69535
66118
66773
65384
66660
65898
65469
63644
66031
62276
64367
64304
61584
61956
60147
59345
57827
58784
60383
59350
57477
55194
54138
55693
55882
54803
54487
54298
52471
51996
50223
49815
50082
52320
50640
50867
50318
49526
49185
46985
48294
44923
45706
47238
46367
46065
42079
42210
43374
44099
43322
42483
43500
42978
44657
44559
44228
44033
42683
43262
43217
42111
41582
40596
40366
39504
40193
40409
38846
35811
37173
38961
36877
36220
35338
35423
34592
35518
34448
34139
33698
32598
33297
32764
36927
37685
35465
35748
36282
33818
33798
35030
35375
34147
33158
32018
29817
28985
30323
29938
29805
27211
29343
28077
28050
27529
27208
26144
25952
27005
27719
26795
26319
26652
29017
30447
26682
28816
25993
26171
30652
26522
26338
23086
22686
24670
23734
24443
24415
23699
25056
23245
24383
22180
21600
22353
21857
21081
20736
20497
19921
19854
20140
19024
23394
22422
21409
21253
19879
19439
18572
16683
16949
17530
18900
16944
17455
18271
16912
16674
17723
16618
15835
15299
16323
16276
19208
16626
16149
16291
15208
15377
15447
14904
16556
16124
16942
16492
16215
15138
14956
14343
14696
14728
15180
13758
13945
14626
14211
13000
14937
14288
13777
14851
12560
13683
12670
11893
12370
12240
12681
11893
11923
12277
16606
13222
12919
11997
12489
11424
11483
10653
11092
10610
12057
11478
10914
11644
10404
10678
10821
10099
10037
9940
9904
10631
10486
9686
9950
10054
10187
9380
9341
9287
11575
13489
9674
8686
9003
9061
11206
8651
9009
8795
9039
8592
8860
9231
9084
8474
8384
8700
9478
8754
8685
7812
8086
7966
7962
8215
8231
8011
7674
7742
10724
8583
7248
7462
7604
8926
7665
7519
8254
7920
8266
7982
7925
7470
8244
7842
7889
7897
7495
6971
9090
7097
7575
7385
7441
7545
7208
7501
7498
7730
10916
8418
9034
7547
7372
9561
7828
8293
7864
7872
8849
7982
7850
8217
8531
8019
8004
7971
8202
7877
8196
9884
8824
8637
8781
8076
8069
8394
8469
8224
11090
8840
8925
8506
8683
9284
9538
9493
10302
9199
9274
10188
10557
10511
10301
9923
10469
10523
10874
10533
11032
12083
13329
14229
14285
14352
16358
15545
14678
17528
20357
17387
16868
16664
15731
16688
17267
17183
16495
16831
17150
19336
19720
17201
19260
19952
19026
18760
21751
19910
20686
20820
19101
20399
21598
22229
22512
21626
22660
21990
23813
23064
22413
21793
21120
22043
22944
24765
24022
23423
23453
24010
25761
26420
24879
24791
24868
24609
25642
26617
26660
26533
26617
27652
29767
32170
30121
32561
30780
32767
39186
36702
37192
36616
36548
37573
38576
39292
38458
38614
41327
39175
39726
37800
39201
38677
38356
40279
40566
41551
41757
42054
39726
40165
40054
42735
43347
45472
44353
42160
47170
46620
47017
47291
48894
45634
46717
44629
46960
46313
47197
46568
47414
47325
48787
49773
51690
49103
51420
50070
50525
50177
51239
53982
53673
54097
53137
55848
54418
60104
63923
61049
57628
58674
61587
62707
59395
58515
61021
61006
63553
63621
61312
59977
61140
66527
66585
68478
63613
64452
65040
65635
64795
63011
64555
64008
63115
64095
67876
68734
71912
67928
73276
71978
71845
70463
68844
68546
68593
72882
72391
72360
73373
70813
74386
74295
75953
75622
76173
71799
76058
76055
75336
73254
78748
77678
78376
79805
80735
82883
85596
82927
78684
83190
85600
86648
89966
87697
88730
86268
89739
93240
86150
86610
91760
90248
92107
90738
90202
87671
91097
91426
90934
89032
93410
95621
97097
98057
97745
99154
99911
99111
99065
97951
99335
101679
101635
99735
102322
100478
104296
103126
105677
107145
110029
108345
109704
111936
120503
118352
117485
119446
123716
121149
120462
119317
124689
126062
129633
134677
148315
144301
148240
149367
152483
154866
153294
153774
152205
156600
154083
154153
157248
163826
163583
165770
170826
170015
172135
169410
175288
175236
177525
177468
185009
183380
186644
185805
196454
193244
206795
209092
209999
207235
214594
217913
221766
215888
221622
220310
225225
228650
233532
230273
236920
237789
239541
238664
243410
246229
252530
253640
257415
255856
268552
265809
268786
278423
273716
274372
286283
290496
286360
290066
290632
296321
297091
297651
298750
302889
302108
310072
308110
310527
312224
314252
310899
306477
308989
306101
313156
310204
308717
309407
311103
307740
306631
301625
305423
303117
310351
310304
309936
308043
308733
310186
310199
309832
302691
299917
301690
299714
296967
297184
298338
301530
300562
296594
295493
296378
293869
292804
291153
291608
290833
288913
289206
287610
286065
281513
290515
292016
291869
288352
291041
285344
284368
283444
287874
284214
283710
283678
278639
273794
276593
275301
280022
277512
276920
271622
277599
266778
269755
263759
265490
262800
263110
258177
263651
255033
262112
258313
257268
252244
256336
254562
259134
253488
256789
254119
250611
247396
251374
247173
243500
242681
243778
241111
239997
231413
234568
237107
239100
237898
233169
234931
233509
230818
233275
232447
235153
233021
229396
229316
229586
227973
227328
225785
230907
226367
230414
229262
231791
227970
226953
221188
226065
225085
222245
222451
225873
221018
220928
216653
217266
215756
211904
215330
216022
215136
211071
196063
200537
196061
192485
188595
187887
190454
185498
185178
181502
181745
182231
177637
174186
174680
174472
175363
175051
171008
168241
166428
168549
163438
166379
164210
171022
170922
174235
165584
171844
167194
167863
163342
164122
162719
158659
156051
160633
158846
156798
157357
163549
161447
163340
167545
163059
157863
157608
154077
157287
157573
149891
151507
152001
150297
150382
154543
154310
148560
157976
153530
156151
157675
161121
158249
157908
152807
159452
152710
156775
152665
158352
156123
155908
158347
161760
156003
159343
154704
155834
156171
154789
151296
152119
158462
152114
150850
151887
152096
157663
154278
153400
151882
151468
153129
153686
154426
157689
153607
157236
154715
155088
153396
152852
156689
158490
154374
155369
156150
159384
158998
162604
196676
200661
201560
198571
196392
200915
200093
201010
205891
202187
198768
201213
199628
199952
205007
209445
208986
211062
208217
209919
210088
209576
214460
208866
193547
166763
169149
175596
172972
211755
226353
230394
226690
230264
224864
229688
213361
179685
177547
178591
178809
177511
178273
186688
306796
319675
317789
319913
322437
322900
321921
306743
284958
290007
287425
293733
293339
294459
295374
295102
292924
294182
294758
291751
300212
298000
301282
300680
300607
291052
221487
191502
189032
188994
188439
187752
189049
189481
190368
194490
192923
195979
194907
197539
198941
202513
195641
202404
198502
202209
201364
205837
262547
344089
345163
351607
351270
361500
357869
358437
359265
365835
284127
232382
235675
240308
241412
240016
239847
252422
316272
378233
375334
374711
381372
296531
243035
245024
247185
250224
247264
253261
249870
254614
252276
252171
243964
248587
250455
264128
245137
245781
251712
253287
249381
253779
279659
398253
393578
395761
390736
391051
394359
393853
387129
395194
350154
253270
257352
262831
265409
268372
258746
266168
262913
263689
259204
261013
257560
254607
260802
261369
262654
265402
263278
267012
265308
264733
266619
263570
261637
266352
266216
266746
265875
268274
258646
264836
269417
261939
261319
260405
262420
267289
266841
264683
259429
261596
264343
267191
262113
265438
259450
269102
265433
263016
256221
261494
258247
254578
247930
254570
252823
253396
253804
256225
251156
252270
249492
246852
251079
255782
250079
252282
252496
250967
243536
246622
244517
248910
242483
246102
248346
247444
242882
242898
240175
240137
238944
242875
238671
246729
242054
239046
233439
233159
233467
234717
234025
236893
232148
234808
230595
231214
229761
228250
227652
233529
228364
231235
229462
229274
227237
228783
223389
222850
221235
221351
220470
223938
221401
222155
218992
218235
215350
218618
210461
208778
211406
213557
209313
207138
208960
209848
206164
210578
206873
209513
208758
207700
205904
199377
197695
198374
195349
197752
194120
196313
192901
191470
194246
197628
195528
188513
185958
183357
182081
179761
181733
180770
176181
177726
180200
181803
179392
181348
175930
179782
174569
174692
177635
174322
176686
177249
178108
173582
170425
170214
166946
167820
164745
167336
166927
165526
168417
168911
164992
166309
158773
160456
157321
155678
156419
156544
156246
159498
158489
158528
153568
157135
150627
149850
149719
153054
149490
150898
153336
152078
150994
153019
149547
148806
147088
149368
145315
142379
140164
140334
139257
139848
140850
140669
139530
139923
138754
142249
137527
140841
135847
138992
138440
136682
140784
138638
132893
137142
137352
135135
130651
134662
135374
135950
132818
133613
129137
128222
129216
126790
128423
126690
125878
124997
124244
128035
125920
127030
129053
131640
128420
127116
127664
132880
132855
131390
133574
130427
130006
126347
125921
125068
125109
125691
122978
123980
121440
123632
123304
120908
120113
120330
120344
116899
116861
115692
117498
117638
115833
117743
119631
118862
119228
118770
117443
118077
117476
120855
116683
118930
116228
113964
114030
115877
112843
115505
111831
110558
108959
106706
111313
110422
108203
109580
106424
105927
103912
103460
104084
109768
104104
102834
103920
104312
104159
104087
104899
102316
101094
100447
97786
97634
99397
99754
98404
99528
97986
98576
101103
100764
98642
96250
95576
94335
92882
92012
93343
92234
90480
96252
92505
93286
91965
94414
93347
93304
89994
87813
88059
91299
89900
90665
87423
84402
84975
87065
85051
86240
82047
82748
79366
80802
78474
81046
78829
81691
78876
82067
76327