92992
84814
79367
75516
66177
59422
53375
51162
42334
43053
37196
35832
31053
29267
26129
23637
21053
19364
17917
16473
16202
14317
12459
11854
11514
9570
9675
9793
9403
9078
10032
9951
11197
13007
14312
14591
19582
20382
22609
25697
28194
29806
36824
41494
46183
51170
55995
60149
70019
78674
83887
91688
94748
101571
106711
115754
125801
128705
135821
146631
174685
188254
213697
236336
275980
320022
381263
431189
465102
478982
476616
468988
468845
454149
422198
388202
348252
317366
290927
273841
250579
240143
232588
219983
220372
216560
206738
214288
209840
205732
208598
208833
208586
208830
205575
208087
212902
218236
226249
235503
244398
253296
268741
280400
292269
304901
322710
326897
328419
331965
336540
333789
329358
319576
311702
302616
298553
286899
276005
270951
259491
252813
240557
230857
222870
215060
203863
201111
201242
192639
189152
187434
181410
180359
172969
166052
158988
154284
145168
134946
130498
122646
108391
102634