12004
12114
12883
12817
12830
13409
12552
12758
13591
12857
12455
13165
12676
12111
12616
12731
12452
13576
12580
12006
11952
12068
11533
12437
12198
11519
11339
11506
11128
11111
10471
10892
10324
10729
10543
10507
10732
10590
10429
9913
10746
10268
10627
9811
9770
9495
8901
9423
9163
9004
8738
8686
9269
9065
9302
9168
8662
8968
8435
8615
8185
8115
7968
8588
8458
8274
7768
7859
7775
7407
7694
7329
7494
7507
7819
7358
7338
7354
7189
7045
6670
7295
7882
7138
6864
6277
6233
6075
6148
6227
6030
5854
5679
5599
6019
6176
6678
6219
6093
6292
5732
5783
5660
5950
6089
5559
5438
5533
5487
5869
5869
5159
4919
5091
5287
5136
5152
5061
4798
4714
4767
4434
4354
4668
4315
4688
4777
4983
4516
4116
4359
4011
4256
4025
4327
4111
4071
4081
4547
4151
4045
4286
3894
4073
3822
3878
3960
3775
3784
3497
3596
3546
3622
3416
3358
3462
3460
3649
3494
3286
3395
3118
3069
3017
2950
3018
2873
3060
2976
3360
2817
2805
3044
2913
3267
2797
3155
2879
2882
3010
2739
2682
2673
2568
2536
2572
2647
2454
2561
2517
2439
2416
2438
2575
3228
2619
2739
2489
2335
2347
2397
2319
2178
2296
2172
2212
2217
2195
2298
2377
2138
1881
2034
2020
2080
1878
2184
2041
2198
2226
2035
2063
2231
2019
1954
2065
1889
1884
1806
1792
1667
2053
2096
1798
1827
1764
1623
1745
1656
1552
1638
1472
1592
1693
1493
1610
1545
1857
1666
1418
1607
1582
1507
1374
1528
1562
1399
1384
1496
1384
1283
1347
1531
1351
1582
1237
1434
1254
1364
1563
1383
1260
1490
1260
1033
1300
1248
1175
1104
1176
1345
1348
1482
1330
1263
1283
1359
1067
1438
1447
1442
1378
1212
1234
1170
1269
1227
1323
1180
1309
1159
1361
1393
1255
1388
1141
1237
1114
1520
1344
1531
1396
1291
1394
1479
1264
1290
1436
1625
1986
1698
1523
1533
1717
1475
1837
1624
1759
1822
2501
2175
1708
1763
1801
1677
2147
2017
2651
2004
1772
1816
1801
1701
1541
1812
1703
1681
1814
1664
1742
1960
2019
1844
2007
1835
1830
1930
2210
2201
2178
2065
2034
2210
2341
2222
2222
2496
2629
2738
2542
2449
2500
2392
2466
2841
2643
3051
2814
2855
3135
2778
2883
2789
3328
3140
3242
3013
2940
2906
3450
3462
3209
3630
3534
3571
3504
3697
3724
3755
3627
3611
4028
4363
4145
4472
4029
4179
4040
4012
4049
4106
4268
4335
4736
4608
4403
4823
4802
4418
5146
6009
5643
5709
5891
5556
5374
5913
6065
5465
6182
6460
6356
6084
6531
6334
6347
6300
6171
6671
6547
6791
6636
6629
6587
6934
6767
6714
6727
6856
7509
7651
7611
8080
8240
8397
7906
8686
8823
8726
8024
8800
8630
8921
8480
8241
8291
8621
9069
9084
9467
9930
9360
9290
9677
10110
10349
9567
9884
10327
9819
10131
11397
11147
11008
10713
11011
10852
10708
11056
11499
11452
11243
11272
12406
12361
12477
13227
12794
12617
13162
13822
13792
13357
13433
12388
12955
13320
13756
13713
12910
13881
14202
14091
14459
13893
13973
14704
14209
14721
14592
14485
15473
15811
16990
15599
15942
15673
16154
16875
17277
17404
16587
16003
15618
16701
17124
17882
16993
17126
17711
16629
18177
17276
17293
17625
18536
17618
18911
20428
18769
18138
19008
19058
19744
20285
19586
19090
19984
18593
19801
20246
21076
20604
20027
20484
20618
21133
19667
20511
21009
20942
20244
21478
21903
21142
20724
21659
21662
22795
22214
22124
21981
22546
21992
22697
22992
22825
22969
22181
23489
24884
25183
24342
24217
24291
24295
24121
24641
24358
24988
25600
26843
26641
26991
27827
28324
27502
28602
28100
28603
27642
28691
29024
28441
29208
30406
29809
31217
31107
31366
31234
30054
32309
33983
33093
32736
34306
34035
33875
34641
35365
35276
35612
37156
37203
37159
37691
39539
37933
38307
37851
37803
38418
40154
40573
40192
41266
42270
40725
41608
42263
42831
44448
45327
44346
46892
45944
45666
47160
47359
47425
47440
49562
50734
51591
52393
52528
55135
54038
52934
53874
53962
54859
54728
57673
58172
58236
56829
56566
57513
59714
59199
58733
59442
60160
60531
60193
60622
61451
62149
63050
63156
62155
63547
62772
63422
62246
62773
62668
62483
63264
62474
62602
61111
62368
63067
63350
62838
62520
62274
62560
61119
61038
61832
61488
62813
61404
59774
59192
59576
59617
59797
59605
57715
60055
59362
59056
61333
61845
59812
60437
60755
59622
59301
59380
59732
58463
58129
57280
58610
57387
56134
56794
55368
55704
56673
55337
55226
54753
52830
53789
53777
52877
53618
51324
52377
51242
51678
49594
48458
49103
49473
49983
49627
48776
48425
48848
46999
47408
46970
47153
46512
47026
45158
44583
44518
44760
45168
44870
42758
41665
41244
40336
41610
42149
41575
41170
39837
38927
38704
39587
39820
39421
39476
39138
38539
36910
37174
37486
35366
37133
37824
37618
36090
36544
36798
35551
34543
34651
34567
35146
35847
35506
33233
34516
34314
33891
35036
34060
33663
34081
34472
33057
32277
32625
32620
31912
32628
31995
31351
31271
30947
31880
31433
30644
31094
31003
30647
30452
29754
29170
29852
31085
30285
30890
30985
31077
31140
31594
31684
30876
30429
29935
29052
29931
30097
27831
27919
28427
30093
30530
30172
29431
30657
29240
30572
30447
29773
29224
29148
27657
29354
28987
28807
27655
28494
27753
27738
29516
28237
27625
28760
27985
27460
27750
27909
27985
28327
28321
28865
28874
28333
28456
28189
28718
28883
28334
28009
28102
27783
28032
27414
28010
27670
28572
28016
27199
27602
27550
27227
28053
28020
29162
28442
27457
27513
27551
27440
26602
26480
26494
27062
27356
26949
26458
26905
26392
26020
26797
26586
27302
27496
27784
27288
27127
27747
26360
27465
28035
27470
27590
27383
26365
27076
26738
27439
26929
27545
27583
27242
27018
27584
27950
27647
27459
27600
27413
27904
27896
28081
28231
28939
28229
27645
26999
28271
28441
29036
29253
28796
29394
29010
30007
29813
28862
29387
29344
29318
29477
28966
29621
29206
28282
29449
30321
29485
30419
29710
29120
30087
30437
30490
31354
31931
31451
30647
31674
31478
32304
31608
32055
30566
31312
31914
31475
30879
32207
32515
32737
32423
31969
32215
31898
33291
32496
34489
32940
32836
33534
34472
34439
33836
34006
33553
34550
34928
34661
34511
35415
35263
35688
36105
36033
35703
35773
36292
36677
37209
37841
36272
37057
36881
38145
39416
38424
38111
37502
37272
38667
40062
37925
38278
38297
39175
40075
40138
39504
39419
39642
38775
39386
40246
39864
38398
39748
39361
41354
40821
39811
40038
38375
40697
40509
40796
40540
40805
40287
39102
38999
38824
39803
40516
39993
40298
39806
39502
40679
39660
39363
40930
40975
39586
39575
39151
38974
40152
41200
39034
39497
40316
41311
39417
39329
39996
39905
39342
39513
39533
39331
38395
40647
39554
40961
39436
40224
42940
41339
41319
41141
40626
39151
39764
39403
37594
37851
38132
37628
37801
38994
38572
38520
38557
38698
38166
38006
37202
37281
37391
37717
36982
36646
35922
36657
36755
35727
36550
36289
36658
36838
35440
34356
36518
35242
36397
36262
35401
35034
34898
35154
35032
34861
35563
34205
35126
35321
35493
33207
34884
34269
34100
33924
33536
34749
33571
33403
32792
33602
33488
33081
32925
32682
32677
33644
32460
32515
33107
32143
31482
32231
32518
30774
31471
32470
31601
30899
29661
31818
30797
30799
31162
29704
30083
29535
30041
29814
30316
29935
30026
30807
30741
29916
30269
30115
29213
28764
29748
29393
28561
30146
28802
29064
28569
28334
28741
30670
30509
28521
27951
27984
28007
27274
26646
28015
26594
26889
27578
26832
28019
26758
27338
26285
26850
27053
27200
27274
26743
27386
26800
25108
26133
26256
25644
25241
25701
25984
24877
25127
24969
24577
25479
24351
23406
25843
24332
24491
24230
24818
23495
23765
24640
24381
23390
23279
23079
23833
22961
23926
23713
23677
22980
22723
22665
23465
23181
23303
24171
23367
23828
23620
23044
22604
22177
23904
23270
22241
22678
23041
21764
22132
21670
22396
21565
22426
22653
22391
21792
21516
20979
21067
21270
21004
21979
21806
21687
22030
21487
21934
20805
20150
20185
20667
20409
19991
21003
20463
20020
19731
20036
20305
19718
20351
19815
20901
19961
20330
20929
19856
20084
20405
18165
19492
19303
19019
19117
20050
19726
20027
19364
19374
19325
19280
18526
18372
18296
18438
18611
18402
18421
18119
18575
18160
17249
18209
17581
19215
18785
18063
17509
17541
17795
17383
17375
17025
16479
16739
17673
16336
17064
16816
16368
15794
15290
15493
15800
15880
15732
15832
14564
14841
14624
14941
15022
15263
14771
14704
14892
15052
15076
14955
15030
14935
14730
14166
14084
14344
14032
14245
13800
13746
13353
13339
12941
13140
13280
13569
13339
12958
12682
13513
13197
13693
12515
13381
12578
12474
12703
11856
12564
12650
11768
11421
11564
11738
12294
11911
10940
11350
11404
10985
10531