11516
11953
11463
12589
12561
12687
12762
11781
12467
12303
11893
11494
11620
11554
10996
10894
11741
11352
11349
12089
10307
10236
10335
10421
10804
11119
10921
10430
10690
10541
9544
9767
9583
10379
9599
9642
9652
9771
9193
9225
8979
9526
9547
8878
9088
8742
8869
8919
8406
8302
8916
8278
8448
8260
7889
7942
8007
8259
8092
8260
7889
7676
7359
7332
7258
7225
6664
6744
7047
6849
7237
6759
6883
6989
6722
6749
7228
7109
6610
6381
6857
6700
6552
6437
6577
6623
6044
5991
6273
6148
5934
5368
5557
5297
5485
5175
5203
5211
5206
5139
5713
6020
5127
5168
5428
5323
5110
5133
5076
5665
4998
4859
4920
5273
4848
4477
4417
4563
4231
4433
3911
4049
3730
3946
3721
3936
4136
3999
3989
4525
3887
3850
4200
4184
4331
3487
3858
3735
3959
3897
3916
3459
3480
3581
3390
3345
3434
3281
3140
3582
3491
3277
3044
3168
3118
2949
3017
3045
2810
3227
3393
2788
2997
2976
2895
2862
2773
2715
2832
2616
2692
2850
2466
2390
2565
2448
2533
2706
2611
2711
2324
2446
2443
2448
2347
2749
2309
2277
2451
2425
2375
2136
2621
2538
2189
2323
2172
2217
2183
2209
1930
1759
2290
2013
1872
1905
2122
2223
2340
2442
1725
1729
1898
1687
1805
1700
1783
1823
1934
1855
1785
1983
1776
1794
1668
1830
1637
1621
1686
1714
1794
2029
1560
1417
1249
1496
1478
1531
1454
1310
1436
1211
1259
1261
1326
1275
1219
1130
1197
1202
1349
1396
1249
1242
1216
1206
1341
1314
1240
1269
1122
1209
1235
1122
1011
1068
1089
1055
1082
1080
1137
1204
995
1054
958
996
1018
1114
1147
1073
1057
979
972
934
1240
1075
1042
1048
958
1116
1176
1044
1057
1215
1087
1052
1009
953
1113
1180
1207
1116
1003
1248
1014
1122
1221
1061
1002
1131
1312
1273
1153
1339
1398
1210
1288
1339
1404
1298
1352
1469
1327
1200
1493
1492
1389
1224
1299
1524
1456
1332
1566
1787
1652
1727
1551
1655
1702
1505
1626
1569
1600
2233
1502
3439
2384
1956
1901
1598
1808
1829
1775
1642
1720
1922
1919
2013
2028
2195
2161
2621
2564
2718
2858
2776
2611
2481
2417
2619
2994
2833
3017
2658
2919
2772
2687
2812
2894
2977
2884
3171
3380
2950
3122
3227
3202
3097
3668
3126
3161
3528
3462
3550
3341
3681
3552
4023
4046
3729
3689
4135
4070
3940
4027
4084
4449
4313
5067
4434
4281
4473
4158
4647
4494
4440
4609
5010
5083
4860
4546
5416
5456
5659
5760
5484
5886
5743
5651
6113
5648
5454
5665
6313
6351
6326
6097
6104
6360
6782
6013
7513
7554
7402
7082
6994
6617
6822
7693
7508
7551
7478
7857
7540
7811
7589
7467
8224
8258
7868
8219
8664
8519
8693
8732
9142
8545
8984
8672
8986
9288
9151
8973
9269
9373
9262
9122
8820
9518
9498
9076
9799
10406
10068
10323
10634
10261
10375
10581
10588
10815
10993
11049
10352
11064
11427
11273
11513
10946
10678
11327
11422
11862
11713
12027
11842
12482
12346
12300
13242
12698
12422
12489
12587
12578
12558
12780
12874
14485
14807
14366
13510
13648
13197
14034
14195
15196
14575
14401
14233
14538
14056
14296
14353
14797
15133
15822
15859
14359
15738
14922
15403
16905
15861
16019
16301
15974
15509
16636
16172
19485
18127
18243
17060
17331
16099
16924
17281
16620
16584
17393
17758
18103
18189
18596
18646
18042
18501
19669
18650
18155
18832
18794
18971
18923
18600
19453
19138
19079
18776
20011
20390
20591
20544
20573
20927
21221
21482
20903
21776
20840
22250
22554
20928
20570
21016
22640
22874
23043
22445
23816
25199
24784
24018
25507
25268
24891
25525
25169
25795
25555
25594
25999
26584
26088
26517
26924
28884
28270
28677
28296
28692
28926
29402
29051
30437
30232
31510
31895
31201
31846
33137
33183
33526
33182
34040
33499
33063
33749
34504
33774
36329
34977
36869
36732
37029
38314
39597
39777
39627
40103
39093
40142
42086
40298
43129
42249
42688
41937
42055
43496
43922
44047
46123
46223
46890
46048
45694
48450
46684
48040
50383
48780
49329
48735
50103
50131
49239
50085
50757
50559
50659
51275
50809
53996
51957
52092
52793
52426
52240
51866
53467
55769
54520
52585
54195
55410
52837
53282
54333
56938
53741
54103
54226
55084
57039
55676
57781
56053
55413
54104
55190
54723
55617
56267
55726
55261
54623
54547
56138
54933
54477
53626
55481
56756
55073
55450
56958
56236
54681
55734
55875
53705
54009
53765
52726
51921
51678
51912
52029
53174
52512
51142
51176
51925
50709
49934
47967
48157
48279
48701
48152
46668
46982
46920
46844
46736
46827
45110
45325
45212
45097
43282
44277
42546
43022
43318
42789
43999
43558
41216
42155
39909
40068
39138
41097
40804
41580
39625
39887
38461
38594
38293
38326
37643
36124
37081
35908
36480
37392
35732
35281
35213
36126
35004
35243
33971
34469
34243
34065
33864
33569
32194
32900
32803
32560
33333
32401
32234
31857
31818
31906
31859
30838
32641
32167
32703
33370
32665
30314
30083
31604
31384
32028
30219
30597
31506
30021
30229
30114
29334
29303
30274
29150
29175
29120
30007
29076
29096
28690
29448
28499
28183
28032
29148
28439
28299
29123
28477
29343
28963
28988
29258
28997
29112
28638
28813
28154
29022
27583
26824
27927
28143
27451
26534
26154
27065
26727
27367
26765
27528
27843
27255
26924
26928
26576
26904
26768
27042
26829
26641
27630
27289
27185
26614
26609
26129
26384
26514
25851
25860
27045
26927
26474
26395
26776
26285
27251
26875
27268
26723
26208
24932
25802
25355
26433
26835
26164
26104
25777
25100
25765
25764
27437
26679
25869
26694
25707
26131
25904
25969
26482
26433
26227
26316
25823
25738
26215
25667
26402
25995
25599
25695
25344
25919
26397
26351
25100
26499
26101
24514
25860
25648
25710
25195
24992
24920
24347
25333
25044
26752
26187
25674
24564
25216
25565
24838
25354
25011
25221
25983
24818
24495
25752
25566
25431
26486
26060
25821
25058
25397
25418
24822
25359
26345
26793
27232
26075
27193
26146
27537
26357
27281
27752
27460
28048
28622
27816
26962
27747
27345
27965
26713
27699
27960
26442
28101
27427
28067
28439
28182
29085
29412
28974
28263
30010
29210
29362
28453
30312
29581
28316
29577
30460
29871
30069
29637
30082
30608
29652
29467
30617
31799
31259
31674
31662
31227
30842
31613
32341
32560
32073
32443
32628
32299
32907
32954
33301
33442
33112
33387
34541
33071
34204
34550
35422
35529
35319
35474
35515
34898
34906
35427
36183
36792
36718
36582
37335
36722
37830
37489
37342
38496
39445
37740
37653
39252
39793
39476
38315
38078
38508
37805
38656
37644
39352
38330
38344
37840
38318
38656
39489
39844
37439
39078
38860
39248
38802
39554
38004
39162
39816
39451
40388
39450
39350
38402
41941
38505
39190
39239
39376
37756
38182
39669
38207
38709
38449
38139
38488
37729
38163
37632
38200
38638
37167
37423
39102
37688
38900
38252
37292
36762
37443
37367
36579
37073
36650
38894
37938
37264
36448
37349
36943
37405
38742
38202
38158
37690
35585
38042
35452
36932
36424
37672
35419
36599
35786
35892
35681
36322
36333
35595
35796
35171
36043
36414
37220
36264
36314
35984
37074
36565
35242
35803
35459
36378
35699
34060
33958
34989
34709
34276
35214
36466
34693
35419
34468
33537
34803
34320
33983
35269
34945
34334
34638
33196
32904
32602
32779
32959
33167
32768
32692
32321
33526
33198
32015
32032
32174
32929
33794
32467
31653
32543
32451
32977
32623
32665
31892
31829
32013
32313
31653
32369
31522
32206
32365
31543
31324
31325
30479
31351
30819
30952
30606
31775
31320
30653
31415
30174
30398
29171
29261
28996
29600
29408
28970
30173
29719
29178
28830
29314
28968
29729
28687
29017
29603
28587
28847
29017
29186
29182
28060
27318
28385
27375
28129
28741
28650
27255
27101
27657
26408
26863
25951
26281
26970
26566
25787
26517
26151
26272
27143
27927
27312
26350
26896
26851
27456
26859
25624
26933
26041
27088
27039
26099
25883
26658
27037
26128
26200
26207
25345
26206
25697
25225
25340
25422
25334
24787
25929
25303
25355
25833
25458
26865
25025
26008
24316
25142
25222
25224
25317
24722
24449
24985
23919
24363
24497
23605
23456
23126
24047
23038
23701
24719
25054
24040
23986
23940
24460
24549
24045
24559
22947
22867
22907
22237
22321
22391
22780
22127
22367
22693
22623
22811
22515
21892
22109
21330
21069
21884
21419
21151
21907
20994
21315
21735
21725
21609
20318
21727
20811
20310
21344
21028
20803
20818
21271
20962
20799
20743
21338
20699
19865
19918
21111
19822
19472
19878
19529
19232
18492
18770
18781
19081
18662
18140
18277
18051
18468
18806
17988
18099
18227
18648
19032
18150
17828
17868
16648
16827
17557
16889
16267
16736
16474
16378
16287
16046
15497
15782
15342
15858
14913
15170
15771
15192
14286
15043
14979
14385
14210
13735
14151
13515
13617
13435
14318
13779
13681
12901
13240
12151
12208
12072
12298
11715
11527