93101
85219
77446
73233
65493
60520
53841
49193
45813
42407
38539
34421
30137
28368
25270
23065
21364
18999
17865
17200
14022
13365
13044
11584
10642
9892
10021
9463
9253
9036
9956
10884
10864
11304
12997
15557
19368
24155
24195
27125
31370
32434
39156
46665
48582
53071
59050
65834
75020
83959
90714
98442
103566
111921
122542
125442
130921
139786
149973
163693
183445
205231
233876
261760
305643
355915
413874
466567
502252
519553
525255
509506
499884
490177
453131
415487
370143
337159
307431
291133
268447
256793
248701
239685
235917
233914
230704
234059
223107
225561
220285
216101
219840
216401
226338
224962
230446
236701
245924
259400
267551
281877
293494
319342
333925
347956
378483
366544
371287
388216
398706
384329
376246
373103
358447
347866
340760
332853
319803
299232
294499
280208
270269
260102
254147
240850
227174
226315
224364
212895
213478
207504
196626
193145
185292
184572
182514
170390
157770
149327
142968
130139
121264
108904