77828
77855
75807
76620
77936
75942
72959
72518
72871
72663
74003
73791
73082
70247
70295
68912
68577
65281
66277
62133
61926
62905
61070
59273
60233
58293
57264
56730
57449
56584
59321
56437
58631
57168
56683
56925
57088
55152
55503
53843
54394
52130
52283
51766
50122
50636
48049
46915
48779
48633
46846
45357
47787
44426
48033
44964
45711
44055
44694
45026
44513
45589
43935
46325
44943
42324
44151
41880
44051
45650
43610
41791
42484
41244
40874
40477
37624
37230
38781
37376
38316
38605
37419
36628
39191
36111
36114
35750
38056
34168
36392
37276
36187
36167
35439
35580
35388
33593
34429
35341
35383
35285
33024
32380
31343
30794
32588
30799
30930
30195
31831
28463
29691
26926
28160
29099
28144
28528
27817
29701
29204
30249
30218
28018
27121
26735
27724
25621
27486
27193
25392
26121
27440
25417
24491
24510
22585
20826
23724
21409
22378
21281
21152
20839
20622
19588
20053
19833
18944
18342
21209
20934
20735
19790
19954
20954
19846
19476
18590
18563
18607
17258
16786
16283
16682
16898
17395
16767
18459
16871
17526
17815
16085
15373
15956
15979
15374
16545
15510
14760
17688
17667
17244
17247
16821
15939
15765
15591
14476
14141
14270
13438
14002
13947
14035
13560
13827
13540
15434
13825
13825
12566
12409
12147
14616
12306
12340
11944
12778
11922
16998
14356
15208
12889
11625
11754
11301
11148
11983
12923
12624
12489
11370
11484
11108
11729
10736
10269
10793
10324
10981
11917
9952
9929
11758
10072
11866
9674
9688
8761
12633
11628
10120
9132
8646
8785
9682
9534
10050
10571
9162
11784
10165
10312
9291
8648
8917
9572
9728
8770
8193
8279
8391
7798
8042
8135
8249
9484
7972
7981
10099
9692
7573
7638
7933
8226
7510
7443
8036
7509
7841
8119
9306
7721
8470
7865
7468
7486
7481
7113
7175
7124
7455
7745
8007
7948
7765
9963
8751
8708
10560
9435
11163
7778
7728
8516
7949
8251
8663
8912
10538
9329
9567
8061
8392
8526
8825
8910
8744
8531
8827
8700
8418
8109
9629
9153
9859
9695
9008
8959
11501
9736
10068
10585
10590
10098
9443
9709
11387
10530
10145
9661
10265
10404
10395
10671
11523
11811
13562
13205
13306
13099
13324
12962
14288
15093
14174
15431
16277
16259
21603
17960
17449
16895
16259
16437
16926
18067
17406
16366
16395
16797
18131
18249
19516
20766
21460
21084
21802
21260
19957
21207
19157
19315
19724
20403
21417
22372
23626
24207
26488
24830
25839
24812
25709
23583
23695
23885
24731
25403
25444
24752
27713
27777
27198
26061
28278
29367
28406
29404
30525
28138
28982
26845
28247
30056
32847
33822
33788
34009
39515
38458
36374
39162
36921
38680
41018
41409
40924
41479
40133
42004
43667
44776
46324
46747
46373
48162
44881
44311
44689
42726
42333
42526
42897
43588
46277
44316
43031
43476
48684
46466
46405
48207
49008
50457
51028
50110
48799
50092
51122
49283
48419
48617
47782
50899
52364
52675
52035
53247
55656
54109
55987
51450
51501
52897
55577
55049
57267
59287
63547
63494
62236
61521
62254
62757
61952
61403
59307
59325
60625
63331
66253
65490
62252
62551
65539
63488
63723
64384
66487
66174
66593
65633
64714
66657
68813
67203
72382
68598
72701
74869
70776
69937
71469
73478
73641
73592
73701
74760
74639
75698
77068
73080
74715
76437
77468
76520
76435
74663
79173
80132
77392
79386
81389
79947
78915
79408
81286
81791
86376
82408
84315
84961
85316
89488
90863
91353
93916
92303
89631
87786
89470
87688
93603
91703
93080
94246
92078
92162
94641
95553
97427
97008
97090
97364
101789
101666
103339
104993
110448
103961
101466
105542
104193
106330
107000
109052
110005
115138
114561
109599
110657
114119
113049
113783
116442
116086
116631
114476
120189
119991
121665
120266
125030
129995
128652
128329
132502
133640
144256
143444
146534
143480
150018
151386
153748
154879
156706
159347
157694
159870
160911
162662
163414
167921
172367
170642
172038
169721
175066
178907
178384
181070
186684
190683
188349
188188
193507
198115
212220
214650
213258
215129
217828
219059
222077
218231
221800
223842
224126
232961
237471
232705
234644
239343
248237
246004
243957
240222
245708
247134
253340
257070
266348
263167
270530
275917
275588
277287
281561
288234
296008
290015
296835
300153
300197
301039
304314
301464
304356
305667
306401
307444
314383
313172
313616
309035
313628
310755
307228
307956
312238
307594
310180
307831
306571
303433
302157
302879
307967
307603
305326
300818
303219
302534
301763
300670
303249
301970
302561
300738
297022
298608
299427
297783
299045
292989
294628
289137
283556
285310
114793