122082
114982
105804
96355
89256
82351
72043
68667
64202
53575
53763
47019
39942
39388
34608
31146
28847
25972
24219
22963
20896
17939
17494
15318
12516
12822
11073
10696
10421
10886
11125
13014
13769
15933
19808
18851
25826
28563
31827
36073
42208
46055
55714
61100
71198
77643
87156
92274
102111
110110
120563
130278
141355
148951
159702
173754
183547
188721
208418
219160
249972
269092
299642
333729
373025
413780
457577
495582
518806
538264
556054
552196
553671
533354
504975
468265
437100
405479
374302
349347
327715
320281
307785
293225
286991
287528
270957
270597
266846
267156
260333
261050
261272
259000
251563
254382
255470
260780
275582
276158
291263
297853
312501
327719
347012
363393
385001
382875
388974
395655
386214
380642
374250
373786
363899
361472
356222
348574
338970
326852
325994
319137
310695
295870
290760
284043
266839
268875
265261
257104
254879
247840
238772
234832
224308
214529
210039
204729
188842
183297
167931
153857
141388
125572