102275
93507
88765
77656
72661
66562
59405
55880
51508
46641
41445
38479
35735
33373
29653
28884
25561
25374
23137
20459
19166
17574
16041
13888
13558
13418
12062
10951
11766
11335
11405
12796
15871
14720
16993
19074
25385
25973
30039
33729
37704
41323
48820
53660
57745
65778
71435
76941
93842
99728
103090
111522
121433
129971
136588
147580
154886
159761
167824
182251
202674
226531
255817
298085
328451
379451
444825
488935
528507
534938
541906
524472
517210
500869
458737
423545
390360
362182
328330
308045
287320
268386
264731
251702
245745
253141
241543
242283
240602
236951
236891
237237
234932
235771
235680
239970
245997
251671
257933
271743
278852
292991
300982
323274
340408
342362
356677
361470
370968
382716
380279
383871
373790
384789
369337
360835
350133
344358
335773
322042
311687
304564
299060
290431
284925
274392
272731
264265
253181
250080
245276
236870
224528
225767
222753
215691
208154
199683
187618
184368
169159
159010
148476
133253