97170
91162
82963
75219
71252
64015
55311
51777
48925
41883
40228
35986
31836
29277
26806
24258
22882
20584
17474
19147
15532
13739
12763
11970
10328
10154
9758
9384
8422
8271
9534
9494
11236
11883
14488
14693
18401
20550
24092
28212
29326
34496
41388
44847
51109
55890
60939
67971
75167
80177
90585
95352
105140
106794
119536
127389
129460
138423
144051
159699
179956
204868
226869
254254
301406
351169
415906
464008
493238
520618
512968
509934
504246
489634
451728
403434
366515
330478
305898
285715
264155
247942
238790
232000
227205
227717
225498
219361
220410
222860
219593
221406
221661
221768
222527
223828
226705
239353
243404
258411
271799
284457
306550
327485
339176
344112
366905
372048
375775
387557
388898
380071
374408
362171
360725
339417
330634
318354
312208
301573
288876
282738
272493
263175
249376
246078
236377
232062
224398
221446
215035
206578
197734
196868
195893
187554
182114
169903
158055
151695
143021
133098
124016
114762