9893
8920
9187
9140
8961
9112
9522
9352
9358
9656
8827
8857
8922
8901
8957
8163
8455
8272
8078
7787
8019
8011
7913
7569
7889
8114
7481
7851
7508
7091
7159
7493
7398
7902
7679
7208
7069
7200
7107
7018
6784
6663
6723
6645
6509
6605
6569
6243
6353
6399
6324
6665
6232
6133
6304
5876
5865
5809
5680
5632
5533
5506
5428
5508
5295
5434
5248
5218
5346
5325
5196
4998
4969
4917
4995
4965
4930
4960
4738
4525
4455
4948
4692
4661
3984
4260
5128
4640
4482
4563
4450
4280
4231
4370
4198
3880
4005
4384
4498
4111
4321
4459
4089
4474
3508
3442
3523
3625
3684
3414
3423
3968
3294
3423
3665
3390
3245
3492
3338
3183
3017
3290
3137
3119
2962
2862
3034
3292
2654
2770
2979
2894
2851
3027
2986
2981
2686
2840
2628
2496
2499
2377
2587
2510
2694
2475
2730
2828
2353
2217
2399
2569
2419
2294
2273
2219
2111
2193
2283
2305
2291
2239
2332
2181
1919
2032
2033
2042
2121
2174
1981
1929
2067
1788
1901
1704
2066
1944
1731
1888
1888
1692
1598
1595
1747
1914
1732
2122
1750
1827
1685
1712
1806
1976
2015
1503
1568
1655
1673
1607
1470
1385
1343
1398
1398
1294
1398
1411
1331
1594
1698
1212
1099
1259
1427
1263
1255
1328
1452
1372
1564
1212
1254
1335
1399
1288
1124
1380
1218
1270
1324
1357
1089
1168
1128
1197
1235
1057
993
1036
935
1096
1096
1359
1203
950
1033
1003
1094
873
984
942
980
1097
1032
1035
877
1064
924
957
1034
1258
916
994
1123
934
899
883
994
986
1060
925
912
882
776
907
1062
891
1028
1020
877
894
835
936
875
1009
1076
893
914
944
933
894
955
921
705
840
893
1010
912
973
930
876
986
961
991
921
1077
1130
1090
994
978
955
1060
891
963
1157
1168
1598
1100
1014
1137
1182
1051
944
1115
1012
1088
1121
1040
1174
1187
1146
1001
1011
1222
1333
981
1007
1167
1249
1182
1224
1377
1316
1285
1322
1295
1274
1352
1370
1207
1305
1453
1616
1746
1752
1440
1706
1748
1584
1766
2084
1832
1785
1864
2060
2105
1911
1953
2008
3677
2235
2027
2195
2128
2306
2276
2340
2694
2277
2219
2406
2323
2915
2330
2207
2560
2506
2356
2373
2671
2707
2613
2635
2511
2790
2841
2743
2669
2945
3112
3120
2867
3061
3180
3145
3279
2920
3380
3306
3108
2963
3151
3378
3296
3228
3413
3296
3302
3299
3521
3787
3766
4227
4039
3731
4146
4025
4114
3800
4516
4228
4031
4288
4831
4541
4851
5128
5439
4812
4822
4705
4870
4734
4949
4667
4793
5018
5061
4963
4981
5283
4829
4969
5296
5519
5193
5657
5761
5583
5782
5482
5891
5736
5823
5707
5986
6031
5998
6614
6515
6584
6277
6915
6604
6565
6602
6896
6473
6403
6717
7187
7569
7366
8066
7609
7597
7285
7596
8028
7963
8126
8217
8398
8248
8399
8744
8672
8877
8315
8685
9246
8800
9061
9116
9048
9396
8902
9157
9303
9231
9341
10296
9385
9619
9325
10917
9992
10363
9973
10269
10152
10262
9669
11562
10736
9716
10783
10058
10359
10899
10861
11276
11297
11374
11409
11526
11465
11102
10712
10906
11967
12185
12137
12543
11696
12436
13190
12602
12880
12584
12572
13083
12140
12165
12533
12365
12560
12400
13040
12150
13009
12744
13176
13718
12861
13177
13468
13478
13140
13307
13713
14170
13753
14210
14141
13612
14074
14496
14310
13880
14517
14156
14534
15051
15580
15525
15397
15409
15924
16207
15743
16127
16397
17403
15869
16388
17011
15911
16637
16811
17443
18031
18577
18076
18090
19151
19018
18896
19352
19229
19819
20122
20442
20653
20908
20419
20774
21405
21460
21530
23199
22371
23245
22501
22674
24441
24832
24249
24834
25347
24842
25041
25349
26193
25862
26969
27012
27203
27942
27594
28676
29422
29920
29847
31531
31603
31771
32764
32515
33062
33670
35517
35015
35139
36581
36762
36186
36771
37212
38078
38288
39239
39893
42899
41400
42208
43658
43867
44344
44334
46263
45137
45967
47109
47279
46736
47171
47817
48754
48196
49024
48526
49667
49861
51364
51731
51430
51459
50994
51246
54181
52617
52595
51896
53129
50963
50720
50887
51319
52264
52281
52769
52214
53816
53571
51904
52774
52236
51426
52038
50754
50319
52714
51626
51556
50431
50807
50080
49181
48274
48702
50233
49458
51682
50401
50798
50670
50763
48903
48690
48806
50376
50103
48829
49741
49663
48844
47901
47224
47269
46478
45979
45611
45484
44244
43297
43918
45559
45292
44070
42793
42304
42863
43173
40844
39854
40807
39680
39099
38849
37632
37750
37528
36228
37554
37089
36529
35237
35747
36057
34387
34466
33411
33087
33384
33795
33659
32559
32354
30613
30942
30844
31819
31255
29958
31252
29878
30112
30758
30974
30154
29558
30388
28611
28435
28172
28450
27585
28806
27920
27225
27390
26116
27219
26642
27772
26557
25611
25995
26115
25037
25819
26093
25275
25499
26014
26245
24986
25710
24545
25427
24344
24681
23642
25889
25703
24907
24514
25049
23857
25088
24975
23744
23188
23195
24633
23743
23246
24016
22938
23627
23852
23660
24155
23645
24396
23301
23008
23335
22939
24083
24023
23567
23683
23055
22844
23371
22932
23417
22669
22639
23332
23030
23093
23427
23659
22434
23568
22853
23538
23625
23112
23372
23435
24232
24263
23597
22219
22666
22791
22238
22330
22223
22396
21910
21587
22021
23456
22155
22006
22374
21790
21847
21976
22558
22309
23836
23165
23700
22314
23060
22094
21383
22394
22638
21791
21430
21711
21470
21324
20904
21251
21129
21458
21727
22501
22753
21806
21248
21736
21913
22187
21537
23275
21829
22352
22037
21652
21322
22324
21207
21791
21819
21753
21227
21686
21501
21692
21401
22104
22261
21548
22105
22666
21815
23514
23767
23100
23458
21383
22294
22504
22449
23417
22949
22397
22850
22418
22301
22529
22804
23431
22927
23141
23074
23175
23422
23263
22680
22368
22471
23374
23886
23882
24350
23461
23918
24778
24213
24509
23461
23846
23927
24332
25196
24640
24869
25861
25283
25889
25407
26356
25781
25637
25382
26826
26288
25871
25963
26608
25304
26321
27030
26288
27176
27696
26667
26754
27707
27972
28922
28676
29541
27798
27024
27823
28389
28076
27656
28616
28485
29388
29978
29695
28778
28275
30032
29875
30372
30099
30710
32596
33724
32068
33132
31773
31728
32267
31245
34921
33519
31057
32712
34054
32822
34243
33312
32992
34293
34127
34342
33414
34097
34584
34019
35309
35310
35518
37236
36606
37280
37317
38644
36875
38682
39993
39460
36693
36933
36552
36081
36692
36490
35904
36463
37957
36807
37369
36229
36275
36321
37313
37497
37425
37031
37501
37872
36539
37513
37679
37500
38609
39010
39092
39788
40184
38814
38539
39001
39648
39290
39821
39742
39942
39078
42148
39836
39847
39354
38496
38938
38509
39013
39147
39120
37548
37844
38531
37183
37621
37087
38221
37421
37904
37900
37326
37460
37556
37750
38473
39293
38433
36961
37627
37828
36366
36191
36085
35846
34882
35505
35901
35361
36323
36442
35743
35293
36312
36685
35835
34149
33661
36340
35464
35131
34788
34364
33856
34278
34744
34796
33946
35148
34137
33173
33697
33433
33205
34481
33686
33281
33536
32565
33169
34291
32720
32603
32502
34500
31560
32195
33065
33017
31411
32217
32014
31990
31623
30711
31028
31403
30344
30407
29767
30132
30315
29051
28598
28187
29235
29596
29408
29598
29387
29353
29770
29179
29868
29105
28825
27956
28286
28125
27778
28471
27776
27667
27975
27349
28038
27363
27460
27450
26885
27774
26604
26795
26002
25898
26442
26642
26149
26441
25531
26908
26436
24855
25172
25526
25334
26788
25409
24899
25624
25311
25666
25566
24976
24574
25672
25148
23730
23988
23853
23930
23452
23458
24360
23259
22416
22054
22823
22164
21998
22112
22962
24185
23048
23412
22770
22733
22286
22402
23028
23201
22117
22782
22531
22465
22052
22746
21220
21979
22742
22855
22635
23021
23078
22036
21190
21033
20907
20767
21676
22018
21389
21226
21144
21545
21710
21358
22128
21228
21108
21667
21477
21283
20769
20750
19990
20689
20486
21420
20020
20977
20926
20539
21079
21378
19974
20378
20079
18998
19370
19770
20073
19523
19287
19174
20093
20457
19125
18320
19384
19130
19219
19426
19119
18872
18720
19414
18696
18876
18647
19008
18096
17899
18595
17341
19691
17959
18130
18155
18482
19438
18842
17726
17596
18553
18563
18683
18877
18347
17818
18062
18156
18356
17663
17989
18758
17509
16891
17035
16895
17311
16624
16699
16295
16373
16732
15915
16488
15834
15570
15901
15604
15267
14914
15545
14622
15540
14813
13882
14998
15452
14917
15343
15246
14514
14617
15853
15142
14416
13928
14904
13948
13300
13525
13335
13618
13732
12724
12747
12560
13207
13006
13183
12474
12888
12908
12600
12224
11221
11883
12867
12016
12100
11886
11559
11376
11065
11331
11085
10665
10540
10543
10653
11157
10489