8841
9554
9081
9500
9378
9781
9230
9676
8887
9064
9001
9360
8643
8836
8171
8306
8295
8022
7993
8187
7719
8327
8432
7843
7801
7839
8100
7244
7579
8483
8334
8303
7953
7818
7683
7370
6890
7027
6974
7164
6990
6892
6932
7101
6814
6643
6489
6423
5682
6211
6462
6314
5853
6444
6244
6047
5464
5242
5599
5753
5428
5386
5379
5355
5091
5250
5244
5673
5219
5350
5417
5224
5089
4993
5606
5300
4818
4961
5162
4592
4398
4683
4591
4348
4200
4222
4077
3932
4061
3822
4166
4077
4372
4046
4457
4725
4619
4254
4080
4257
3891
3744
3981
3571
3580
3675
3684
3658
4078
3334
3747
3896
3777
3551
3495
3568
3645
3412
3301
3440
3318
3219
3209
3080
3194
3089
2933
2898
3003
3110
3213
3144
2969
2945
2853
2809
2836
2626
2867
3005
3272
2908
2575
2522
2391
2504
2680
2572
2276
2429
2433
2491
2274
2391
2498
2376
2225
2435
2416
2098
2024
2239
2546
2425
2107
1981
1985
1881
1966
1899
1974
2205
1892
2009
2040
1929
1844
1723
1890
1858
1953
1939
1826
1656
2064
1738
1668
1666
1588
1819
1636
1631
1511
1568
1829
1718
1568
1887
1619
1506
1572
1480
1963
2008
2347
1341
1542
1145
1433
1371
1301
1229
1311
1219
1363
1714
1328
1805
1702
1345
1430
1404
1274
1264
1290
1237
1042
1248
1102
1168
1068
1108
1412
1355
1208
1067
1187
1208
1099
1142
1160
1061
1112
1235
1307
1159
1138
1216
1119
1007
1024
967
1032
1045
922
1010
953
876
836
905
986
1152
985
858
1069
940
846
896
935
1008
940
926
931
941
1044
947
1081
1038
916
1029
956
970
981
948
1079
893
815
925
939
897
868
909
862
1006
847
797
911
898
898
1082
966
979
988
900
957
1045
1034
1068
1002
1093
1088
1046
928
787
900
935
1042
1063
1122
1040
1093
1106
1159
1058
1165
1132
1009
1025
1035
1415
1299
1271
1306
1228
1271
1140
1262
1458
1454
1318
1334
1662
1539
1386
1270
1362
1400
1375
1462
1522
1561
1419
1411
1224
1438
1549
1425
1603
1461
1500
1555
1688
1588
1642
1607
2163
1793
1855
2078
3613
2042
2208
1932
2094
2165
2163
2012
2064
1933
1769
1826
2158
1995
2116
2274
2385
2402
2473
2401
2579
2542
2425
2454
2459
2567
2663
2502
2545
2712
2828
2707
2779
2997
2649
2697
2741
2949
2822
2830
3023
2880
2854
2847
2902
2955
3014
3230
3283
2848
2993
3562
3283
3706
3847
3455
3496
3732
3902
3926
3915
3951
3967
4012
3978
3953
4263
4081
4564
4362
4363
4393
4799
4462
4174
4264
4655
4748
4721
5127
4840
4860
4828
4838
5012
5337
5047
5122
5113
5444
5569
5201
5815
5691
5590
5366
5185
5384
5617
5648
6498
5957
5929
5509
5751
6122
5700
6180
6245
6707
6049
6157
6611
6613
6594
6774
6784
7917
7899
7452
7218
7549
7398
7762
7924
7883
8015
7530
8087
8106
8420
8142
8948
9214
8441
8082
8180
8293
7968
8159
8460
9078
9163
8862
9416
9202
9351
9070
9062
9049
9435
9625
8978
9121
9616
9529
9253
9617
9465
10025
9519
10160
10778
10225
9818
9990
10118
9871
10179
9765
10667
10790
10605
10324
9867
10322
10967
10869
11008
10637
11322
11105
11232
11439
11728
12394
11879
11483
11321
11534
11639
11518
11791
12469
12872
13354
12953
12941
13156
12792
11955
12355
12892
12617
13009
12920
12766
13256
13374
13155
12361
12548
12982
12683
13034
13337
13172
13842
14224
15076
14923
14602
14610
14288
14098
14580
14783
14741
14848
14505
15576
16260
16604
17541
17470
17313
17494
17657
17276
18295
18775
18116
17718
18339
18888
18735
18823
18328
20058
19530
19719
19977
20344
20293
21516
21500
21670
21951
21936
22919
21591
22417
22237
22634
22531
23787
23354
24617
23757
25023
25979
26383
26363
26740
26105
27111
27273
28038
28465
29155
30347
30141
31177
31638
30445
31158
31755
32824
33083
33348
34453
34848
35669
36226
36799
38491
39340
38794
39739
40574
40783
41318
41670
40983
42767
43590
42991
44191
44809
43780
45090
45579
45660
46148
45961
46920
46850
46511
46738
47748
46987
46759
47084
47687
48800
47922
47476
48999
49314
47347
47594
47195
48678
47667
47396
48151
48328
46692
47909
46684
47916
47828
49349
46505
46552
46158
46468
46523
46529
46827
46249
46810
45955
45884
46659
49331
48087
46745
46326
47179
45869
45350
45982
47191
47020
45818
45999
44358
43758
43656
45017
43797
44698
42816
42487
41756
41857
41697
41702
41002
40386
40841
39548
39232
39080
39540
39362
38178
37650
37313
37458
35860
36674
36051
35134
36055
34998
33604
33468
32723
33685
32764
33109
34044
32987
31872
31520
30792
31144
29960
29174
29908
29475
28486
29942
29162
28300
28419
28846
29112
29277
27799
28424
27474
27842
26771
27485
27226
27434
26719
26667
27024
25730
25944
25046
24311
24825
25272
23929
23739
24759
23348
24052
23976
23601
23372
24186
24220
25047
24240
24101
23436
24037
23327
23855
23286
22695
22621
23375
23314
22642
22017
22669
21671
21348
22191
21419
22001
22903
22179
21585
21337
21465
21479
22175
21834
23103
22277
22464
22786
21452
21154
21119
21748
21605
21287
21495
22309
22626
22376
20841
19821
20589
21307
20952
21190
20539
20548
20897
20572
20323
20833
21247
21004
21744
21639
21548
22121
21232
21715
21205
20804
21652
21252
20633
21035
20777
21766
20640
20602
20679
21306
20573
20909
21228
20753
20176
20614
20662
19739
19772
20310
20804
20678
20817
21154
20427
20477
20899
20807
22225
21683
20911
21069
20225
20515
21557
20757
20678
20893
20545
21628
21417
21247
19896
20375
21189
20711
20792
20774
20557
20029
20670
20273
20447
22030
21719
20804
21626
20265
20967
21378
20932
20829
20418
20716
19896
20743
20016
21108
19539
19854
20284
20362
20595
20531
21455
20795
20627
22149
21435
20803
21178
21207
21130
21390
20909
21549
21667
21105
21964
21212
22304
22311
21354
20873
21367
21763
22339
22604
22109
23464
22115
21942
22735
22943
22821
22273
23173
22342
22441
23099
23591
23335
23212
24056
24080
24232
23759
23268
22871
24073
24193
24579
25116
24124
24211
24348
24927
24590
24237
25387
25173
24811
25741
25251
25695
25083
25857
25091
25207
25739
26012
26772
26843
27461
26699
27068
27759
27535
26853
29007
27527
27581
28485
27845
28488
27457
27204
28519
28287
28120
27979
27483
29275
30125
29846
30269
29163
29980
30029
30426
29959
30559
29884
31122
29699
30126
31134
31418
30574
31934
32965
32193
32322
32372
32295
33165
32119
31951
31394
32455
32824
32840
32926
31866
31627
33266
33854
32509
32730
33381
32851
33495
32591
32528
31804
32643
32944
32957
33225
33347
33656
32570
32564
32874
34374
33297
33514
33435
32334
33005
33668
32204
33593
34092
33869
33876
33464
34298
34471
34500
33317
33479
33276
33124
33362
33042
33721
32390
33578
34335
32196
33789
33781
32644
31827
32563
33431
32611
32181
32816
31895
31633
32991
33433
32046
32009
29899
31304
31550
30734
31928
32360
31862
30703
30478
31133
31338
30254
30912
31205
30109
30018
30047
30483
30334
30131
30657
29693
29939
29355
30845
30450
29752
30652
29688
30121
29375
29178
29137
28799
28753
28678
29007
27986
29269
29707
29559
27410
27731
27513
27658
27975
27486
28114
27542
27918
27173
27641
26985
27368
26745
26575
26381
26914
28086
27494
27401
27061
26926
25976
25848
26241
25293
26753
26408
26575
25370
25548
25479
25794
26610
24770
25105
25464
24185
25335
26586
24607
24357
24636
24326
24076
23600
24350
24910
24647
23818
23510
22684
23319
23482
22868
23556
22803
23178
22695
24005
22376
22575
23403
22269
22939
23051
22839
22093
21228
21550
22170
21328
21454
21346
21487
20982
22526
21580
21936
21294
21274
21181
21294
20410
20816
20250
20376
20667
19583
19978
19765
20724
20470
19605
20495
19820
19781
21152
20151
20045
20240
19352
20752
20180
19672
19840
20045
19942
20977
20830
19213
19791
19402
20086
19508
19362
19000
19514
19381
19020
18841
18525
18409
18175
19631
18505
18638
19229
19180
18952
19049
19384
19179
19254
18936
18353
18262
19051
19669
18928
17878
17924
18675
18147
17928
19824
17866
18182
17922
17664
16898
18304
17896
18218
18500
17577
17444
17813
17716
18283
18991
17921
17701
17384
16815
17701
17392
17347
16543
17445
17927
16714
16748
16826
16769
16909
16581
15851
16977
16796
16601
15994
16126
17104
15941
15833
15668
15935
16460
15531
15022
15368
15915
16052
15870
15121
14868
15769
15222
14908
15696
14863
14460
14507
14044
14758
15969
14305
14297
14853
14396
13579
13482
13497
13093
13390
13842
13623
13444
13669
13782
13124
12955
12212
14058
13212
13261
13630
12745
13656
12467
12302
12301
12619
12452
12250
11755
12476
11879
12969
12395
11550
11197
11438
10567
10577
11702
10719
10869
10393
10671
10258
10015
10278
10708
10295
11036
10524
10561
10146
9546
9525