97286
88748
82369
76436
70832
65393
57452
52679
49492
45962
40820
35190
33110
29640
29267
24848
25305
23117
21185
18320
16598
16620
16247
14317
13348
12636
12502
11300
10906
10351
11589
11449
12016
12767
14404
17347
20389
22303
23083
26549
30811
32914
39333
42682
47385
52240
58687
63533
70668
78954
86462
95431
101201
106274
114507
121245
127608
135764
143680
152957
178896
200394
220839
249655
284364
334364
398690
443722
480823
501909
506765
492693
488585
478433
449073
406400
369249
334757
306110
284769
265856
250855
244017
232036
230378
228881
221174
219125
220860
216855
215055
216035
215847
216537
217109
219303
221386
225984
238604
246911
259057
274992
291004
308797
325089
333274
348985
359549
368232
375402
375710
373299
367370
357426
339715
331497
317011
309035
297508
286941
278759
270677
264228
249235
246776
242671
225914
225953
221082
213943
206802
206551
190739
190362
181976
172270
164667
155616
148363
146360
134303
123213
116257
105576