100974
95953
86178
79963
74971
66103
59945
56106
49799
46706
40435
37821
32957
32025
27728
26046
24399
21008
19219
18161
16669
15955
15549
12191
12104
11828
11430
10152
10463
10320
10007
10963
11447
12879
13332
16653
20507
21745
24667
28691
29863
33726
41134
45345
49672
59059
65871
69873
78470
89457
96381
106336
110855
115591
123535
129193
137270
143657
152965
161899
187923
211516
238577
268651
310253
357336
421198
474782
513719
526657
534410
516986
506028
500147
457238
414509
374091
334251
311648
288392
269040
257295
251839
244469
244570
246785
240765
230441
235948
236664
231514
231458
235609
239657
241329
239266
244720
253905
265367
281154
288766
305257
317475
346982
359889
366972
387843
387580
406735
409056
401904
387032
374774
366616
358600
348848
347766
334441
322812
306876
295646
284500
278660
272552
259874
253313
246607
238330
233345
221487
222184
217511
206032
207988
199291
189543
186455
177310
166313
156498
146413
138261
127152
117738