12235
12205
12258
11623
12534
12404
12594
12023
12809
13279
12689
11577
11556
12099
11411
11586
11583
10754
11214
10645
10455
10921
10542
10272
10511
10506
9775
9895
9704
9966
9783
10002
10087
10076
9380
10345
9784
9774
9683
9066
9122
9005
9340
8989
9286
8567
8441
9161
9094
8905
8977
8669
7959
7956
8077
8172
8398
8090
8351
7733
8083
7322
7779
8496
7504
7181
7584
7170
8113
6759
7603
7751
7279
6690
7576
6701
7158
6891
6902
6634
6310
6202
6012
6046
6695
6980
6613
6631
7437
6972
6358
6858
5905
5412
5858
6644
7098
6958
6255
5435
5572
5116
5156
5091
5179
4966
5085
5112
5545
5708
4954
5065
5148
5034
4856
4673
4484
4339
4832
4471
4731
4406
4159
4397
4903
5206
4176
4025
4860
4316
3757
4040
4156
3903
3758
3927
3978
4359
4213
4647
4113
3749
4199
4836
4777
3776
4053
3886
3615
3708
4031
3390
3713
3217
3411
3376
3473
3593
3028
3028
3047
3044
3279
3039
3135
3139
2905
3138
2989
3094
2949
2845
2852
2825
2696
2683
2726
2592
2886
2663
2409
2331
2525
2496
2551
2314
2696
3197
2453
2440
2603
2572
2645
2437
2078
2589
2355
2363
2423
2515
2606
2202
2029
2166
2469
2099
2204
2013
1989
2104
2038
1667
2168
2166
1856
1995
1913
1916
2001
1908
1933
1790
1824
1595
1745
1922
1533
1476
1724
1613
1754
1716
1647
1902
1596
1572
1399
1584
1696
1676
1516
1463
1484
1354
1334
1299
1565
1420
1225
1571
1138
1213
1341
1482
1382
1312
1318
1349
1396
1262
1311
1280
1047
1163
1262
1116
1164
1193
1124
1019
965
1113
1246
1085
1183
1204
1087
1185
1195
1128
1159
1097
980
923
830
962
1029
1004
1029
1022
882
947
1174
855
1187
959
954
938
1059
1091
1126
1146
1065
1080
995
973
1004
991
1044
1092
1133
1096
1037
1192
1149
1467
1240
1114
1367
1128
1171
1262
1626
1261
1423
1213
1201
1116
1357
1373
1330
1219
1193
1382
1357
1217
1469
1269
1333
1503
1382
1356
1405
1448
1628
1748
1490
1412
1361
1580
1406
1527
1594
1564
1608
1590
1524
1440
1553
1734
1723
1912
1745
2049
2022
2120
1871
1785
1838
2070
2045
2336
2421
2248
2273
2326
2063
2238
2286
2073
2161
2457
2303
2402
2677
2502
2726
2350
2625
2812
2916
2790
2927
2802
3219
2936
3130
3202
3152
3215
3417
3376
2912
3582
3363
3479
3448
3474
3599
3665
4199
3728
4450
4360
3644
4023
3539
3835
3894
4195
3900
4281
4499
4261
4419
4467
4305
4466
4751
4832
4925
5088
4870
5528
5803
5388
5236
5391
5590
5975
5552
5683
5812
5495
5753
5994
6173
6277
6103
6148
6303
6688
6684
6475
6670
6670
6868
6231
7030
6863
7409
7240
7299
7248
7783
7609
7833
7788
7814
7892
7295
7643
8388
7702
7808
7926
7724
8282
8844
9082
8553
9954
9466
9262
9077
8633
8424
8983
9347
9416
9722
10157
9758
10159
9707
10205
10118
10154
10405
9918
10154
10180
10289
10462
10071
10357
10759
11487
11513
12204
11588
11475
11258
11295
11074
11690
12082
11235
10858
11219
11689
12048
11693
12743
11726
11585
11768
12201
13570
13225
12881
12409
13225
12764
12831
12606
12584
12796
12625
13407
13804
14372
13274
13816
14066
13655
14292
14732
13988
14796
14273
13863
14390
14880
14854
13853
15058
15219
16038
15431
15235
15229
15412
15609
15195
15007
16026
15533
15508
16056
16490
16131
16935
16672
16872
16491
16364
16879
17388
17035
16535
18019
17460
17748
18268
17536
17147
17221
17590
18842
18921
19048
19282
18363
19199
19773
19094
19588
20786
20983
21477
20855
20882
21902
20245
21042
22102
22428
21673
22297
22496
22868
23948
23713
23827
24904
24953
25921
25608
24929
24998
26125
27635
27070
26080
26334
26890
27508
26972
27969
28060
29448
29283
29216
30988
29852
30301
30103
31140
31976
33126
33472
33369
32608
34311
33669
34383
34940
35242
33839
34626
36298
36845
37120
39403
39495
38863
38408
39634
40659
42883
42309
42009
41718
44005
43721
45675
46068
45811
45936
45813
49157
47845
48512
49063
47997
49694
49245
49616
48538
49300
51133
50767
51371
53700
52337
53782
52717
53812
53254
53915
55385
55600
54256
54850
53832
54566
56688
55849
100000
150000
200000
53738
55265
57281
55114
54453
54485
54507
56280
56786
55575
55888
55568
57152
55098
55326
54624
51177
53904
53358
55348
54238
54049
55021
53436
56066
54649
55176
55149
53859
53670
54366
52293
53975
51775
52978
51170
51046
50806
51082
51661
50858
50343
49929
49965
48581
47238
48468
46524
47849
47157
47094
46803
45636
45131
45142
44741
44302
43901
44648
43557
42632
42438
42737
42644
41557
41601
40287
40899
41021
41412
40496
40745
39824
38312
38587
38163
37927
37841
38293
38817
38231
36705
36857
37135
35735
36127
36415
36546
35845
36043
35394
34423
32148
32838
32160
33603
33114
32575
32981
32170
31854
32298
30617
30367
30730
30447
30717
30984
30863
29965
31647
31483
30166
30763
30098
30490
29387
29352
29289
30280
29942
30461
28742
29197
28609
27738
27859
28275
27579
27146
27121
27676
27037
27791
27132
26656
26161
26533
26601
27005
26933
27470
27932
28214
29317
27380
28458
27547
26572
27599
26581
26735
26907
26380
26433
26347
26114
26229
26824
26849
27077
26111
25973
25682
25696
25145
25303
25409
25205
25240
25722
25999
25166
25858
25578
26050
25041
24667
25902
25791
26554
26024
25091
25174
24620
24398
24748
24305
24560
24814
24632
25300
24868
25125
23975
25370
24906
25303
24155
24005
24712
25093
24268
25247
25128
26260
25426
24394
24218
24507
24396
25779
25103
24451
24896
24453
23810
24482
26505
24503
25767
24919
24931
24243
25368
24907
23790
23837
25465
24362
24439
23987
24317
23940
24510
24419
24529
23827
23329
23973
24552
24743
24781
24921
23957
24736
23886
25196
25524
24913
24623
25056
24348
25136
25415
25650
25145
24826
25632
25854
26423
25142
24667
24575
23526
25272
25965
25636
25530
25441
25234
25229
26035
25470
25501
26615
25887
26037
25895
25438
26211
25405
25774
25791
27036
26971
26224
27636
27001
27576
26723
26458
26906
26733
27477
28506
28342
27679
27265
28188
27926
27409
28343
28419
28525
29767
28780
28473
29878
29214
28981
28610
29147
29383
28913
30205
29417
30013
29335
30069
29319
31036
31470
31929
31657
31547
30826
31278
31330
31813
31026
31471
31200
32119
32500
33543
32505
33210
33572
34416
34807
34158
33932
32955
33146
33146
33320
33052
33739
34528
34076
33244
34045
34566
34525
33631
34789
35493
34041
34429
34630
35420
35492
35301
35008
34502
35138
34890
34818
35126
35211
35152
34824
35695
35500
35350
35432
35875
35173
36283
36119
35666
34962
35094
35624
35790
35457
34428
35662
35446
34896
35039
36401
36055
35577
35746
36640
35653
36774
36180
36823
35405
35282
35625
36154
35961
34884
36457
37325
36357
35001
34948
34656
35220
35556
35260
35549
35079
35564
34056
34144
34405
35366
33718
34440
34371
33874
33994
34617
34181
33895
32884
32949
33102
34047
33599
32181
33882
34240
34412
33640
33152
32752
33098
33196
33189
33311
33816
32177
32498
33000
33414
32321
31730
33339
33176
33927
32135
32125
32493
33137
32637
32031
32549
31861
30644
31740
31625
31312
31747
31358
31216
31803
31217
30584
30423
30138
30009
30361
29585
29566
30914
30185
29846
30060
30761
29009
29188
30067
29926
28216
28596
28882
29147
29328
28506
28276
29544
29597
28614
28747
28057
28660
28059
27675
28468
27613
27951
26975
27986
27171
26977
26794
27245
27680
27260
27803
28407
27657
27248
26356
27342
27423
26815
27843
25740
26924
26719
26998
25896
25487
25367
25179
24293
25079
25902
24969
24265
23859
23929
24103
24507
24327
24239
23956
24348
23255
22762
23840
23465
23738
24238
23071
23003
23522
23741
22493
23594
23061
23054
21714
22385
21390
22252
21582
22057
21208
22174
21199
22798
21469
21216
21469
20669
21551
22530
22380
21283
22120
20738
21752
21187
21933
20748
20657
19650
19761
19745
20231
20680
19777
20298
20166
19653
19436
19990
20284
19951
20150
19167
18845
19630
19491
19115
19611
18926
19276
19671
18976
20071
19773
20040
18783
19950
19187
18590
18766
19003
18197
18314
18637
18655
17670
17896
18035
18599
17289
18744
19556
18447
18251
18273
19266
18201
18645
18307
17611
17968
17354
17317
17028
17912
18233
17727
17597
17466
17299
17750
16946
16278
17058
16594
15658
15950
16432
16405
16495
16349
15954
16115
15566
16990
16351
15206
16116
15574
15949
15123
15516
16608
15312
15562
14901
15230
15171
14713
14894
15591
15100
14236
13831
14095
14160
14036
13975
14133
14100
14335
14310
14556
13376
13941
13506
13440
13221
13472
12342
12450
12793
12968
12383
13799
13093
12688
12699
13079
13068
11966
12202
11646
12554
12474
12479
11839
11658
11809
11412
11179
11995
11239
11283
11137
11198
10921
10798
11282
11072
10411
10076
10915
10746
9981
9909
9888
9771
9697
10003
9528