10228
9924
10811
10303
10296
10445
10211
10421
9907
9729
9886
9758
9471
9727
9535
9254
9241
8859
9146
8630
8831
8904
9027
9260
9217
8404
8708
9086
9101
8227
8291
8079
8042
8174
7809
7403
7624
7142
7175
7917
7747
7562
7606
6885
7176
7203
7251
7188
6973
7070
6935
6908
7346
7301
6671
6535
6266
5880
6406
6314
6281
5924
5758
5941
5743
5812
5913
6340
5861
5832
6307
6046
5821
5530
5974
5096
5332
5501
4951
5322
5473
5492
5502
5217
5285
5518
4870
4833
4659
4659
4592
4994
4526
4791
5223
4564
4343
4310
4412
4886
4296
4598
4296
3993
4144
4433
4109
3936
3847
3793
3948
3778
3995
3845
4089
4111
3900
3851
3401
3561
3703
3614
3671
3442
3698
3642
3626
3569
3495
3275
3734
3863
3566
3430
2882
3201
2993
3089
3256
3359
2727
3013
3133
3383
2828
2958
2822
3017
2857
2915
3002
2872
2838
3050
2960
2814
2981
2560
2847
2960
2963
2932
2436
2369
2485
2552
2443
2571
2551
2259
2408
2586
2579
2435
2765
2685
2434
2774
2525
2183
2422
2348
2129
2964
2307
2285
2370
2316
1901
2095
2093
1929
1933
2055
1935
2126
2143
2066
2115
2064
1897
1842
1948
1964
1943
2507
1812
1537
1845
1871
1626
1536
1999
1854
1867
1703
1814
1731
1740
1704
1694
1674
1587
1467
1499
1728
1579
1550
1646
1617
1414
1571
1389
1508
1354
1353
1427
1302
1340
1230
1224
1426
1441
1312
1463
1281
1358
1432
1250
1371
1281
1381
1686
1443
1267
1207
1285
1365
1368
1135
1552
1384
1186
1171
1195
1120
1079
1145
1035
1195
1077
1075
1130
1111
1156
1141
1120
1060
1023
1058
1096
1139
1039
1007
1149
1367
1342
1274
1255
1098
1181
1031
1125
1055
1183
1239
1191
1176
965
1189
1141
1217
1175
1142
1101
1191
1141
1062
1142
1093
1062
1070
1301
1392
1428
1328
1246
1233
1307
1429
1332
1422
1363
1756
1662
1761
1608
1685
1755
1527
1438
1710
1569
1417
1350
1465
1425
1471
1371
1504
1593
1547
1738
1901
1773
1589
1582
1690
1773
1807
1804
1892
1905
1915
1881
1882
2026
2006
1783
1980
2244
2216
2760
2216
2650
2440
2404
2549
3167
2739
2448
2355
2171
2585
2695
2700
2726
2823
2898
2572
2723
2856
2903
2834
2799
2969
3173
3169
3436
3177
3443
3121
3340
3793
3430
3246
3575
3209
3280
3292
3738
3986
3942
3807
3580
3842
3626
3645
3719
3819
3779
3724
3892
4187
4257
4341
4575
3975
4195
4398
4709
5006
4325
4988
4864
4933
5030
5168
4858
4939
5407
6016
4931
5170
4925
5319
5802
5290
5462
5338
5167
5163
5413
5204
5967
5769
5976
6290
6845
5951
6728
5954
6281
6199
6545
6820
6998
6675
7067
6511
7008
7090
7020
6864
7219
7154
6977
7840
6961
7302
7207
7105
7153
7708
7864
8115
7571
7742
7975
8501
9043
8805
9604
8801
9206
9803
9575
9849
9907
9249
10284
9717
9816
9966
10443
9867
9825
10076
9745
9989
9818
10438
10011
10038
10252
10337
10399
10927
10521
10349
10727
11043
10385
10399
10851
11169
11581
11653
11765
11949
12143
11584
11742
11245
12410
12872
12419
11999
12450
12569
12050
12417
12895
12750
12528
14131
12913
13644
13061
13582
12683
12768
13471
13175
13971
14259
14061
14088
14285
13827
14593
15333
14608
14309
15102
15621
14625
14359
14149
14881
15502
15435
15415
15997
15162
15299
15153
15658
16011
15254
15626
15442
14800
15058
15685
16564
15871
16164
17079
17472
16202
16222
16742
16689
16693
16851
17183
16768
16782
17692
17495
18048
17079
18242
18258
17567
18238
19212
19567
18545
19338
19381
20120
19369
19924
20468
20685
21456
20783
21150
20838
21710
21571
22833
22877
22409
22932
23224
23618
24519
24461
24776
24897
23556
25446
25574
26740
26596
27099
26672
27532
28056
28684
28634
31676
31081
30631
29623
31576
30592
31391
31475
31370
32699
31947
33010
32973
33872
34727
34987
36334
36526
36996
37779
38387
37787
37235
38516
40017
39874
40202
41608
43716
43540
44479
46165
45809
46276
45782
47248
47378
48087
46744
47607
48962
49026
49518
50877
50443
50293
51005
51961
53398
51809
53702
52733
52677
53102
54425
53695
54945
54086
52610
52156
53011
53447
53486
54623
53568
53006
53752
55001
54487
53783
54595
54006
55170
54274
53285
53553
52480
53736
53758
54461
53169
51581
51763
51157
51940
50427
51076
50679
49590
49443
50651
51100
54263
54143
51592
54673
51671
49675
51373
50369
50842
51144
49304
49333
48899
48259
47375
48512
46946
45808
46577
44833
45441
45037
44128
44080
42603
43548
43512
43074
43996
42059
41484
41556
40787
40926
41829
41163
39372
39455
38366
37699
39768
37519
38223
36966
36658
37333
36648
36371
35852
37302
35735
36030
35202
35051
34932
33109
33874
32487
32297
32630
32359
32625
32333
31684
31664
31371
30972
30950
30668
31149
31425
30379
30099
29368
28987
29470
29746
29472
29295
28530
29073
27788
27088
27871
26433
27008
27192
26499
26650
26735
27064
26729
27139
26937
27285
27816
26135
26751
26454
25643
26483
26060
26489
25615
25497
25966
25766
25360
25315
25539
24986
24423
23810
25040
24067
23915
24772
24670
25076
24713
24118
24380
25206
24828
25569
24860
25170
25125
25879
26198
25587
25488
24774
24491
24195
24705
24457
24158
24762
24470
23555
23656
24126
23459
23815
24228
24471
23340
23865
25361
24166
23950
24265
24822
23948
24654
23671
23959
24283
23892
23577
23960
24505
24153
24861
23538
23498
24101
24496
24116
23693
22539
22777
23332
23424
23662
23691
23053
23121
24390
24298
22947
24302
24003
23079
23251
24384
24300
24272
23193
24255
23648
23512
23343
25091
24385
24071
24143
23267
22812
23051
22659
22134
23319
24308
23872
22936
22588
24578
22929
23947
23638
23547
23428
22671
23342
22911
24091
23915
23777
24188
23973
23865
22947
23592
24220
23743
25557
24688
24288
24538
23191
23237
22916
23875
24199
24147
24152
24937
24963
25550
24923
24560
24691
24840
24312
25146
26485
25410
25255
24110
24957
26074
25082
24064
25411
26063
25475
25434
25156
26066
25974
26899
27391
26626
27918
26799
26420
26523
27604
27427
26998
27981
27447
26906
27747
28603
27059
27473
27351
29310
27970
28014
28419
29567
29095
28876
28473
28564
28887
29923
29955
30311
29340
29114
29769
28397
30153
29395
30030
31155
30685
31122
31162
31151
31279
31639
31516
31394
32055
33238
33565
33888
33549
34458
34551
33516
33834
34124
34243
34310
33474
33589
34309
33819
34561
33907
33636
34335
35137
34987
33579
34142
34259
34365
34745
35438
35603
36634
37267
36129
35015
36074
35407
34760
35962
36364
36345
36890
35822
35961
35837
36253
37276
36887
36378
37336
37073
38627
37495
37232
36911
36340
36689
38045
37567
38279
37794
38150
38874
38770
38008
38172
39057
39288
38620
39054
38067
38505
37219
37569
36953
37178
37826
36730
38428
37892
39616
39047
39700
39369
38079
38413
36597
37013
37602
37138
37314
37199
37406
37920
37817
37053
37328
38081
38908
39523
38461
37179
37778
41031
38166
37121
38541
36893
36323
37095
37326
38354
37313
37041
36745
35818
36429
36636
35716
36048
37108
35467
35016
35552
37691
35276
36325
35800
36278
36701
34351
34802
34595
33503
35503
33488
35112
33769
34841
34530
33842
34287
35129
34448
34459
34104
34949
34527
34402
33577
33180
33792
32347
33393
33724
33729
33102
32477
32820
32766
32592
31738
32209
33095
31474
31848
31023
31654
30428
30454
31357
31119
32228
31506
31899
30473
30569
30430
30577
30887
30344
30478
30659
30041
29838
30226
31084
31198
30009
31199
29765
29385
29886
29630
30278
28712
28998
29461
28302
29005
29403
29827
28964
29523
29030
28865
28051
28034
28707
28835
28052
28611
28372
28289
28883
28604
28538
27710
27783
27784
27272
27098
27378
27035
28228
27244
26860
26728
25405
25776
27242
27704
27454
30068
28978
26329
27047
27205
27556
26605
26881
25795
25595
26354
25883
25705
26686
25731
25480
25041
25298
25822
25011
25581
25245
24878
25094
25648
25220
25040
25659
24549
24435
24621
25227
24802
24879
23880
24591
24388
24857
25098
24282
25259
23875
24333
24713
24565
24194
24743
24224
23847
22837
23510
23086
23354
22510
22033
22153
22616
22048
22298
22117
23209
22576
22471
23007
22655
23697
21721
22670
23214
22553
22051
22170
22490
22546
22703
23718
22637
23218
22198
21311
22009
21594
21894
21471
21284
22905
21850
21737
20793
21311
21415
22164
21714
20518
21382
21233
20528
20354
20866
20398
20463
20658
21166
21106
20987
20498
20617
20454
20403
20068
20226
20175
17783
18472
19827
19248
18562
18951
19095
18630
18093
17969
18728
18515
18227
18453
18879
18525
19137
18884
18416
18648
17567
17632
16983
16494
17484
17663
17560
17456
16059
16016
16609
16835
16706
15631
15923
15774
16627
15269
15674
15901
15457
16048
15558
15036
15180
15509
14858
14767
15009
14643
13954
13962
14242
13440
13609
13703
13623
12663
13001
13160
12988
12824