123964
115114
102547
97980
89910
82382
75991
71185
65898
62781
52530
47856
45179
40738
40712
34260
30809
27717
25412
24580
21881
19628
17155
16542
14231
13193
11679
11391
10035
10046
10516
11923
13003
13272
14810
15540
19135
22309
25015
30289
34315
39867
44181
53794
58990
66482
75915
80694
91115
100303
107476
113774
122248
128128
140795
147859
154810
167257
176366
195037
214903
243167
267581
300367
338959
381351
440135
485480
522173
550464
551715
551098
546490
525938
494649
457756
423000
394328
370861
338143
313165
304214
290392
270832
276857
265897
260069
254526
252607
248853
248688
246095
248770
243795
244074
250636
252692
256979
262381
273401
283095
293761
308466
320717
336504
342636
348851
352983
354596
357115
359545
354951
343932
335337
334806
327717
320842
309807
299475
290488
283441
274298
270067
253435
239285
234705
220877
216564
208291
200466
193882
193139
182036
184525
175683
164165
158944
153498
142001
134614
128536
119252
111336
100514