117721
112993
105050
93340
86474
80380
69809
64778
60617
54460
50918
44776
40432
35758
33182
30710
27832
25259
21907
20747
19692
18417
16471
14922
12980
11200
11666
11535
10832
9802
12789
13292
12867
12463
13165
16286
19159
21682
27546
28394
32751
39602
46580
51442
57807
62076
66549
78882
86021
96158
105556
114276
121383
126565
133935
143534
152315
165991
176375
190063
212995
234002
262190
292880
337948
373426
428301
474953
513777
538663
549380
539098
533933
523710
498274
456176
425786
399285
371569
349520
332273
307439
297216
289524
280212
274555
269987
260155
257472
256377
253347
257590
254050
251801
249301
249666
253579
256118
269127
273482
275782
290750
303694
321752
329776
340751
342053
348669
361495
360224
358844
351247
352668
339512
334994
330563
326032
311250
297884
290592
279888
278098
264807
258409
246960
240021
226094
218397
214256
205771
206215
198070
192003
187106
187225
171576
166300
159838
149900
143030
136775
124959
116040
102181