1551
1556
1463
1383
1370
1442
1533
1407
1430
1303
1384
1429
1350
1288
1374
1351
1366
1304
1312
1313
1372
1354
1381
1332
1324
1368
1345
1292
1253
1239
1292
1318
1255
1091
1122
1277
1248
1299
1295
1203
1219
1178
1236
1148
1256
1129
1091
1063
1105
1153
1145
1071
1083
1070
1068
1082
1110
1053
1144
1071
997
1127
1019
5235
9920
10017
10017
9921
9947
9882
9891
9862
9937
9950
9928
9991
9939
9889
9964
9859
3683
893
850
885
880
914
879
872
820
801
818
826
848
858
801
846
871
736
773
866
771
759
796
763
787
778
3921
9741
9644
9638
9746
9697
9685
9737
9682
9694
9722
9690
9677
9656
9501
9629
9570
4108
703
798
732
754
709
691
717
560
619
681
589
611
654
633
588
663
597
646
604
525
548
567
559
563
571
907
9517
9659
9705
9612
9556
9578
9601
9707
9636
9612
9619
9615
9644
9610
9664
9574
5523
509
539
504
471
476
509
506
463
425
478
486
430
441
377
460
430
468
412
408
403
412
447
439
370
412
7051
9306
9297
9323
9303
9309
9422
9372
9335
9315
9313
9291
9292
9330
9286
9326
9214
867
377
294
281
289
406
365
382
372
374
335
388
371
345
402
360
400
399
409
328
332
399
421
381
356
330
324
370
421
347
391
348
343
302
379
318
362
360
310
353
309
307
305
330
348
334
304
270
294
349
350
333
285
293
289
310
332
368
354
299
306
284
331
290
316
333
274
293
281
281
281
302
239
271
271
294
310
285
322
289
333
292
280
297
280
384
265
272
259
281
286
297
328
298
283
272
243
276
265
223
259
248
283
239
276
241
239
211
217
256
236
211
236
268
244
237
241
220
213
216
246
254
224
233
223
205
198
213
235
232
242
220
254
223
232
236
258
270
254
236
224
264
285
227
237
198
219
231
223
216
227
275
295
311
301
293
315
296
298
317
333
326
343
367
293
383
312
338
318
303
301
356
349
345
325
364
408
333
348
343
412
408
407
421
390
371
398
387
381
436
363
405
427
461
442
408
432
442
390
429
423
496
492
505
598
566
543
526
539
559
552
681
702
655
668
606
687
622
722
650
644
700
655
649
698
727
702
725
710
722
696
688
725
793
833
818
853
818
790
884
802
908
925
902
883
882
869
866
950
857
852
910
1006
963
928
967
957
926
963
1053
987
1033
1110
984
1041
1003
973
1013
1059
1057
1016
1140
1208
1149
1123
1242
1209
1278
1320
1221
1241
1234
1213
1279
1351
1350
1393
1331
1483
1349
1378
1364
1332
1333
1445
1408
1452
1474
1454
1379
1417
1474
1497
1482
1514
1555
1508
1550
1527
1522
1600
1572
1522
1543
1479
1487
1470
1441
1488
1487
1504
1571
1506
1479
1483
1517
1632
1649
1534
1590
1436
1614
1602
1690
1632
1724
1882
1758
1708
1714
1714
1775
1814
1634
1695
1813
1786
1760
1768
1720
1712
1843
1794
1829
1885
1803
1816
1771
1746
1747
1837
1827
1833
1775
1842
1810
1827
1896
1772
1911
1852
1954
1911
1932
1848
1927
1864
1877
1886
1955
1924
2052
2037
2010
2017
1945
2035
1900
1904
1938
2022
2068
2246
2347
2260
2178
2332
2297
2309
2280
2383
2484
2557
2483
2567
2562
2557
2573
2599
2490
2593
2670
2697
2624
2841
2795
2842
2865
2876
3011
2956
3111
3185
3242
3269
3196
3277
3275
3387
3317
3499
3545
3677
3631
3712
3729
3737
3967
3906
3929
4027
4214
4440
4216
4324
4438
4540
4462
4656
4717
4701
5186
5488
5394
5425
5544
5755
5626
5738
5865
5850
6167
6266
6123
6060
6307
6453
6654
6272
6580
6538
6883
6935
6665
6786
7220
7155
7289
7284
7213
7312
7290
7400
7388
7100
7106
7246
7330
7241
7343
7399
7412
7341
7679
7374
7432
7521
7603
7258
7406
7454
7540
7501
7657
7690
7656
7656
7452
7435
7501
7628
7326
7562
7414
7241
7314
7440
7454
7404
7312
7163
7190
7323
7146
7155
7120
7115
7107
7016
7069
6817
6894
6911
6881
6658
6502
6606
6552
6436
6471
6329
6255
6266
6166
6251
6261
6077
6215
5941
5866
6105
5758
5821
5812
6036
5740
5850
5852
5615
5480
5420
5306
5327
5357
5310
5202
5352
5387
5251
5265
5073
4989
4919
4980
4861
4831
4719
4873
4741
4697
4786
4604
4420
4382
4578
4462
4431
4229
4121
4196
4184
4254
4170
4130
4100
3850
3818
3861
3921
3904
3695
3810
3821
3751
3741
3668
3767
3644
3696
3622
3700
3607
3720
3675
3473
3582
3611
3429
3339
3673
3577
3548
3446
3309
3473
3142
3278
3405
3239
3271
3333
3173
3192
3148
3133
3189
3206
3223
3178
3126
3159
3059
3044
2926
2851
2966
3115
2987
2841
2993
2943
2893
2935
2745
2816
2689
2733
2768
2784
2919
2786
2805
2765
2620
2834
2767
2721
2858
2763
2849
2592
2652
2667
2685
2650
2761
2569
2705
2716
2662
2763
2571
2606
2526
2663
2574
2692
2656
2600
2643
2498
2578
2678
2453
2467
2426
2542
2412
2478
2512
2589
2556
2534
2700
2578
2413
2385
2404
2427
2423
2620
2429
2529
2523
2448
2434
2479
2429
2391
2486
2559
2586
2450
2507
2310
2351
2511
2232
2376
2266
2376
2510
2376
2481
2495
2461
2444
2416
2496
2534
2378
2439
2339
2498
2457
2441
2406
2432
2682
2520
2436
2485
2582
2638
2469
2547
2581
2595
2581
2425
2548
2542
2456
2495
2505
2539
2741
2553
2511
2459
2580
2638
2732
2727
2705
2772
2835
2861
2698
2747
2647
2790
2902
3024
2796
2815
2788
2837
2951
3017
2856
2856
2972
2983
3038
3058
3141
3113
3032
2994
3134
3241
3255
3219
3201
3179
3112
3253
3369
3347
3319
3449
3419
3441
3453
3591
3523
3608
3564
3591
3615
3769
3922
3766
3883
3937
3885
3986
4114
4139
4085
4083
4065
4167
4216
4156
4264
4189
4389
4508
4620
4799
4734
4669
4680
4602
4549
4684
4541
4594
4619
4637
4840
4707
4715
4961
4866
4850
4811
4902
4934
4888
4701
4993
4900
4842
5214
5136
5044
5030
4979
5217
5060
5108
5097
5131
5228
5310
5175
5346
5331
5281
5241
5353
5196
5288
5465
5364
5213
5382
5396
5395
5392
5368
5299
5337
5340
5646
5556
5290
5199
5532
5430
5476
5219
5404
5197
5238
5261
5274
5285
5321
5345
5350
5398
5242
5433
5321
5258
5257
5174
5102
5169
5166
5250
5091
5103
5090
5202
5144
5027
5156
5185
5156
5091
4961
4986
5012
4900
4892
5066
5077
5090
5018
5174
5366
5328
5024
5052
5185
5291
5075
5132
5158
5130
5294
5067
4867
5133
5004
5188
5027
4965
5158
4927
4949
4852
4721
4892
4865
4828
4756
4770
4849
4858
4725
4798
4785
4852
4756
4688
4685
4788
4721
4859
4807
4744
4664
4747
4715
4659
4611
4614
4595
4651
4614
4544
4489
4661
4409
4465
4459
4564
4540
4531
4560
4488
4294
4485
4466
4601
4250
4370
4308
4363
4462
4270
4452
4240
4368
4490
4174
4328
4170
4257
4356
4126
4248
4239
4180
4119
4090
4348
4208
4336
4063
4168
4072
4274
4232
4156
4218
4228
4151
3994
3965
3994
3964
3766
3921
3851
3518
3662
3715
3766
3726
3640
3786
3706
3629
3775
3721
3803
3792
3635
3642
3630
3810
3684
3699
3786
3647
3627
3639
3631
3686
3480
3545
3531
3559
3495
3461
3391
3469
3476
3327
3451
3472
3463
3482
3402
3665
3611
3558
3612
3541
3454
3468
3518
3366
3325
3449
3420
3484
3606
3415
3578
3523
3293
3541
3588
4140
3836
3638
3613
3654
3658
3633
3683
3681
3759
3544
3593
3522
3340
3361
3309
3274
3361
3393
3274
3232
3430
3457
3442
3413
3522
3361
3333
3333
3324
3426
3396
3426
3364
3354
3519
3483
3482
3402
3321
3234
3155
3164
3147
3206
3162
3171
3157
3157
3071
2996
3064
3062
3045
3085
3090
2992
3071
3070
3085
3014
2951
2946
3200
3121
3037
2953
2796
2900
2959
2781
2896
3069
2774
2945
2914
2744
2733
2724
2738
2733
2573
2625
2676
2670
2727
2628
2581
2711
2689
2664
2536
2497
2564
2446
2649
2554
2539
2575
2413
2356
2417
2391
2393
2331
2407
2407
2300
2531
2385
2331
2409
2411
2328
2234
2122
2369
2253
2133
2103
2088
2039
2144
2013
2110
2165
2076
1924
1853
2035
1986
2123
2098
1968
2007
2106
2036
2008
1975
2026
1838
1797
1824
1856
1867
1769
1802
1739
1783
1720
1721
1724
1648
1668
1646
1819
1661
1576
1735
1627
1610
1741
1601
1596
1676
1682
1638
1560
1558
1559
1579
1583
1495
1556
1421
1429
1630
1431
1447
1426
1444
1410
1377
5467
10400
10351
10249
10232
10250
10296
10306
10219
10245
10204
10203
10263
10252
10268
10095
10202
4092
1192
1141
1297
1211
1171
1242
1145
1127
1144
1095
1132
1112
1127
995
1054
1073
1125
1079
1093
1119
1033
958
1018
991
969
5450
10077
9858
10007
9942
9957
9929
9799
9861
9847
9806
9864
9849
9868
9745
9684
9716
3138
760
734
777
708
766
786
762
816
830
792
811
683
760
737
778
724
690
693
647
663
682
602
678
676
626
671
4119
9685
9701
9685
9673
9738
9687
9641
9664
9629
9694
9671
9662
9713
9624
9684
9256
2804
568
576
610
538
553
598
525
539
545
511
478
445
538
467
517
453
473
516
501
491
564
604
560
461
452
8395
9397
9374
9388
9441
9421
9393
9398
9438
9404
9427
9372
9369
9387
9342
9386
8454
418
517
475
419
465
423
408
338
477
417
424
412
385
428
386
321
370
361
400
315
319
351
374
346
387
353
334
363
379
412
301
331
326
338
339
298
291
308
299
293
345
359
308
295
306
300
318
332
312
336
288
302
303
311
261
268
293
297
254
253
257
257
279
263
281
246
263
295
264
278
245
262
282
274
305
257
295
272
248
217
263
294
255
293
212
243
292
287
252
244
282
251
236
282
247
279
261
286
248
240
263
267
280
289
284
264
247
250
243
234
223
212
183
222
215
210
215
230
221
206
234
232
199
259
195
221
211
213
221
210
236
237
210
254
207
247
258
251
260
265
240
263
243
246
288
262
248
244
247
261
282
328
319
325
311
306
358
356
347
403
370
358
335
345
360
345
455
357
367
340
411
439
453
455
417
390
426
423
427
369
437
472
427
464
501
409
468
497
518
520
504
529
522
527
509
530
548
489
555
528
566
594
604
547
584
567
598
596
499
546
655
675
681
741
799
686
698
678
672
716
753
710
729
772
733
768
795
769
762
773
806
798
773
866
809
829
853
798
797
829
846
900
891
962
909
992
945
947
942
953
1011
1048
906
1053
975
1021
1057
1072
1063
1044
1101
1097
1080
1033
1096
1079
1107
1093
1114
1135
1299
1338
1274
1347
1341
1222
1339
1310
1275
1344
1240
1254
1321
1387
1365
1398
1381
1401
1371
1439
1443
1415
1376
1433
1507
1496
1459
1438
1513
1455
1449
1603
1522
1432
1448
1499
1557
1544
1560
1533
1495
1595
1542
1600
1555
1542
1622
1731
1649
1607
1732
1669
1678
1663
1561
1579
1698
1730
1625
1721
1668
1781
1886
1860
1771
1766
1728
1696
1724
1816
1864
1789
1776
1790
1921
1836
1792
1690
1879
1796
1907
1859
1910
1862
1768
1886
1891
2000
1933
1937
2054
1923
1997
2000
1939
2035
1992
1943
2009
2101
1943
2079
2068
2089
2191
2103
2137
1972
2052
2041
2148
2145
2239
2176
2114
2190
2200
2283
2237
2185
2415
2521
2428
2562
2596
2608
2539
2639
2647
2718
2695
2772
2732
2742
2798
2801
2882
2808
2927
2874
2981
3120
3044
3052
3141
3211
3235
3223
3289
3573
3729
3939
3892
3885
3824
3887
3945
3936
4031
4149
4104
4442
4081
4376
4451
4363
4381
4569
4732
4698
4853
4913
4963
5041
5172
5280
5292
5459
5533
5622
6049
6181
6203
6229
6664
6589
6672
6623
6775
6745
6923
7376
7416
7366
7275
7551
7690
7599
7710
7759
7763
7998
8068
7871
8200
8052
7991
8218
8523
8474
8469
8347
8448
8530
8465
8537
8334
8606
8597
8256
8527
8463
8318
8556
8216
8118
8269
8152
8173
8292
8419
8150
8316
8340
8283
8261
8558
8220
8354
8261
8206
8247
8264
8040
8083
8192
8218
8188
8356
8273
8193
8240
8233
8086
8037
7971
7735
8035
8056
7834
7619
7678
7715
7770
7611
7607
7254
7352
7263
7607
7446
7301
7155
7056
6989
6842
6921
7016
6841
6822
6820
6889
6656
6847
6916
6620
6551
6602
6558
6477
6590
6316
6569
6503
6278
6132
6157
6127
6093
6271
6119
6215
5986
5848
5757
5759
5896
5674
5590
5941
5814
5705
5581
5482
5431
5617
5456
5421
5428
5279
5200
5337
5059
5227
4955
4961
4948
5162
5007
4940
4835
4896
4761
4794
4641
4633
4626
4670
4511
4410
4670
4518
4369
4326
4266
4341
4295
4311
4449
4463
4138
4219
4121
4204
4143
4005
4026
4064
3991
3930
3934
3945
3779
3815
3796
3784
3781
3805
3919
3781
3874
3772
3831
3820
3617
3620
3719
3682
3517
3547
3655
3563
3522
3520
3377
3455
3584
3422
3426
3392
3378
3408
3479
3454
3426
3377
3467
3272
3183
3283
3308
3312
3232
3232
3225
3197
3102
3321
3198
3153
3177
3092
3204
3086
3053
3160
3085
3042
3173
3064
3012
3206
2993
3078
3090
3035
3058
3121
3122
3091
3004
3074
3045
3063
3038
2991
3059
3093
3014
2794
2885
2898
2912
3095
3009
2998
2979
2835
2966
2790
2856
2960
2837
2831
2769
2896
2985
2737
2795
2939
3015
2937
3069
2816
2903
2876
2901
2766
2693
2941
2877
2966
2976
2901
2942
2804
2790
2929
2922
2921
2960
2993
2926
2930
3087
2881
3029
2958
3014
3009
2922
3000
3020
3014
3063
3007
3239
3021
2967
3022
3429
3212
3134
3171
3159
3110
3156
3240
3339
3269
3262
3483
3390
3478
3492
3359
3469
3347
3479
3411
3503
3703
3640
3584
3595
3509
3774
3624
3686
3607
3726
3812
3873
3960
3919
3808
3925
3974
4000
3942
4056
4108
4029
4132
4253
4283
4419
4548
4480
4662
4654
4579
4658
4476
4648
4675
4768
5016
4851
4871
5004
5058
4867
5033
5079
5236
5036
5161
5301
5393
5475
5483
5444
5441
5369
5437
5259
5449
5564
5473
5687
5411
5700
5298
5375
5601
5738
5603
5510
5617
5594
5866
5759
5841
5582
5676
5718
5624
5635
5546
5689
5817
5806
5698
5866
6088
6061
5893
5919
6011
5979
6190
6113
6062
6110
6035
6022
6138
6056
5989
5933
6118
5997
6082
6075
5926
5979
5946
6011
5971
6011
6124
5920
6123
5997
6017
5928
5939
5975
5906
5977
5789
5796
5881
5927
6026
5823
6023
5931
5803
6105
5860
5826
5523
5817
5695
5759
5819
5850
5645
5576
5673
5778
5773
5519
5515
5647
5522
5513
5542
5415
5583
5488
5562
5484
5363
5323
5496
5565
5334
5320
5234
5395
5307
5742
5476
5404
5216
5303
5098
5268
5208
5204
5053
5117
5034
5241
5083
5072
4952
5135
5132
5052
4993
5000
4996
4873
4899
4906
4918
5143
5003
4823
4994
4957
4949
4948
4879
4994
5046
4985
4799
4810
4724
4762
4653
4688
4827
4682
4575
4604
4637
4739
4641
4825
4492
4434
4458
4372
4476
4482
4578
4511
4400
4352
4447
4459
4322
4455
4376
4292
4277
4179
4104
4286
4259
4166
4108
4083
4127
4135
4038
3965
3964
4121
4019
4003
3998
4063
4071
4013
4067
3899
3964
4035
3954
3979
3863
3902
3992
3432
3467
3381
3383
3497
3455
3603
3642
3477
3422
3508
3529
3363
3407
3394
3446
3275
3370
3234
3241
3319
3370
3182
3176
3233
3255
3176
3199
3041
3203
3066
3115
3023
3001
3092
3102
3092
3092
3087
3184
2936
2971
3087
3040
3087
3050
2927
2975
2909
3017
2961
2996
2874
2996
2874
2881
2963
2851
2803
3183
3334
3090
3024
2907
2837
2930
2879
2967
2800
2805
2906
2839
2759
2780
2791
2776
2659
2711
2721
2725
2763
2729
2741
2710
2651
2619
2536
2587
2613
2604
2486
2484
2406
2435
2457
2519
2484
2532
2463
2391
2363
2437
2407
2452
2332
2445
2365
2336
2442
2298
2254
2403
2355
2392
2331
2239
2373
2150
2330
2300
2264
2406
2395
2257
2120
2108
2225
2117
1990
2253
2026
2117
2172
2098
2117
2074
2098
2105
2214
2129
2024
2120
1993
2002
2047
2004
2032
1917
1870
1923
1814
1813
1886
1831
1819
1956
1827
1829
1863
1777
1818
1686
1708
1658
1686
1785
1777
1723
1667
1640
1759
1631
1551
1741
1644
1554
1665
1647
1673
1521
1553
1484
1461
1449
1559
1439
1465
1516
1527
1372
1505
1394
1326
1415
1354
1420
1317
1280
1361
1373
1310
1406
1501
1405
1370
1407
1352
1460
1306
1380
1413
1365
1396
1481
1353
1366
1299
1279
1355
1316
1249
1271
1284
1190
1229
1211
1194
1150
1156
1225
1145
1140
1176
1215
1300
1142
1147
1186
1126
1128
1120
1072
1078
7490
9984
9969
9924
10035
9901
10021
9973
9900
9963
9946
9859
9883
9895
9822
9928
9807
1426
992
1136
1031
1070
1039
894
1017
957
912
868
910
799
880
886
792
879
882
724
787
794
836
777
863
836
851
770
8612
9821
9765
9765
9681
9693
9703
9722
9594
9723
9720
9693
9650
9649
9577
9517
8524
676
677
656
660
679
671
637
690
655
689
592
671
730
723
746
695
726
611
675
673
707
670
615
652
634
646
5191
9685
9620
9561
9585
9625
9579
9616
9639
9598
9659
9658
9638
9649
9604
9608
8801
1957
551
526
548
603
545
498
550
492
549
542
515
523
533
527
456
461
526
538
477
468
443
465
458
436
467
8136
9386
9429
9413
9425
9384
9364
9379
9410
9380
9328
9333
9350
9373
9346
9331
8659
383
388
383
419
344
413
359
345
392
399
388
414
356
315
373
300
327
294
384
364
386
295
340
352
347
379
332
391
383
278
262
272
318
312
323
276
284
331
290
313
359
339
324
316
258
299
318
288
279
296
301
329
305
274
282
279
306
277
228
228
232
262
224
228
219
250
250
241
282
229
237
219
207
205
195
256
250
240
259
223
274
235
263
242
220
206
174
225
189
207
221
194
223
249
231
171
195
217
198
193
195
183
195
228
197
177
174
204
176
180
188
168
193
187
192
214
218
222
177
181
233
220
233
208
173
204
172
190
183
184
216
197
175
216
226
205
214
231
183
198
238
223
240
219
181
221
216
188
197
180
278
292
384
310
318
332
316
307
272
322
325
327
390
364
351
344
347
374
387
327
330
381
369
399
342
360
358
338
351
380
353
446
453
415
404
373
391
387
407
389
403
461
460
420
404
412
471
429
406
406
383
450
421
449
407
430
450
464
450
445
466
546
565
544
561
559
601
535
543
587
548
622
501
594
588
582
560
532
513
504
595
594
594
651
631
650
682
695
583
691
636
676
658
657
638
658
628
667
679
687
654
707
696
705
709
761
652
706
772
724
754
743
707
775
812
851
775
812
872
784
979
912
910
886
891
862
836
887
811
901
918
981
950
930
844
978
924
956
973
984
986
976
933
944
971
928
967
923
957
925
1051
1067
1064
1026
1064
1027
1060
1035
1041
1122
1106
1076
1089
1077
1029
1073
1063
1036
1088
1104
1143
1158
1114
1142
1089
1161
1188
1146
1146
1106
1194
1167
1205
1239
1314
1275
1130
1325
1317
1339
1258
1255
1269
1227
1311
1314
1176
1239
1264
1356
1325
1241
1177
1221
1238
1236
1300
1206
1220
1242
1372
1331
1260
1300
1259
1264
1305
1273
1287
1332
1333
1344
1312
1451
1401
1353
1341
1403
1425
1436
1519
1412
1481
1399
1407
1467
1499
1587
1559
1559
1676
1631
1641
1590
1619
1725
1846
1800
1814
1806
1933
1930
1988
2067
1993
2144
2083
2084
2021
2108
2206
2407
2280
2417
2472
2363
2569
2662
2624
2678
2826
3023
2899
3249
2937
3073
3038
3265
3198
3271
3588
3562
3684
3890
3733
3998
4251
4134
4188
4212
4456
5007
4921
5052
5098
5264
5459
5537
5794
5911
6365
6895
6800
7125
7243
7684
7781
7892
8038
8101
8443
8965
8740
8912
8914
9134
9072
9080
9126
8948
9340
9533
9385
9478
9715
9438
9342
9345
9146
9239
9238
9261
9076
9115
8955
9171
9253
8964
8838
8838
8782
8523
8747
8656
8570
8468
8242
8452
8355
8058
8382
8250
8242
8003
8024
8073
7770
7936
7670
7658
7714
7765
7625
7735
7735
7629
7942
7785
7937
7816
7638
7462
7661
7363
7278
7259
7296
7033
7243
6901
7092
6784
6728
6811
6886
6760
6694
6657
6447
6393
6503
6230
6241
6136
6071
6090
5873
5690
5867
5686
5641
5580
5562
5422
5492
5330
5211
5218
5232
5008
5001
4952
4930
4910
4750
4794
4652
4707
4573
4652
4492
4543
4324
4388
4420
4239
4150
4029
4169
3979
4018
3933
3933
3862
3810
3776
3793
3754
3711
3664
3643
3723
3704
3621
3506
3456
3499
3514
3428
3292
3369
3336
3066
3215
3073
3153
3208
3206
3198
3194
3323
3102
3045
3023
3024
2936
2923
2849
2820
2726
2690
2712
2655
2745
2949
2828
2839
2871
2656
2587
2572
2574
2546
2522
2645
2586
2501
2591
2536
2615
2595
2562
2538
2588
2601
2417
2515
2464
2437
2499
2445
2355
2478
2499
2516
2459
2447
2513
2446
2263
2404
2330
2400
2415
2289
2302
2315
2364
2226
2326
2263
2334
2283
2332
2341
2167
2237
2169
2305
2190
2229
2187
2221
2266
2135
2200
2156
2177
2198
2323
2101
2137
2042
2060
2190
2085
2144
2194
2073
2081
2119
2111
2013
2114
2126
2139
2074
2072
2095
2120
2101
2045
2123
2094
2106
2084
2026
1968
2027
2147
2117
2149
2179
2058
2018
2131
2187
2171
2066
1954
1996
2049
1963
2006
2041
2020
2049
2018
2133
2104
2072
2073
2039
1987
2009
1936
2041
2105
2008
2071
2128
2111
2149
2263
2187
2221
2143
2180
2178
2161
2158
2322
2164
2042
2071
2165
2173
2246
2140
2334
2379
2241
2252
2348
2383
2366
2488
2368
2495
2506
2451
2495
2570
2630
2367
2406
2524
2494
2391
2484
2443
2476
2576
2520
2576
2568
2539
2559
2606
2650
2788
2739
2835
2807
2774
2830
2818
2920
2943
2983
3115
3140
3000
3254
3253
3137
3152
3388
3322
3388
3537
3500
3565
3425
3443
3547
3539
3521
3646
3565
3886
3813
3860
3805
3845
4041
3992
3934
4101
4032
4031
4312
4248
4315
4108
4181
4193
4120
4290
4310
4278
4231
4418
4212
4402
4475
4411
4588
4515
4401
4543
4482
4582
4569
4628
4826
4622
4688
4693
4797
4794
4772
5001
4760
4758
4843
4838
4841
5148
4978
5250
4963
4910
5096
5022
5053
5076
5168
5060
5101
5168
5245
5154
5218
5136
5223
5165
5268
5332
5227
5455
5465
5332
5266
5372
5199
5206
5361
5278
5342
5036
5233
5445
5373
5325
5236
5339
5277
5250
5404
5262
5116
5113
5129
5037
5201
5143
5164
5322
5300
5001
5098
5131
5021
5104
4954
5171
5166
5277
4976
5117
5005
4940
4995
4997
4970
5059
4972
4857
4784
4857
4721
4881
4994
4899
4675
4565
4566
4609
4592
4708
4679
4433
4471
4521
4539
4677
4687
4655
4606
4509
4565
4419
4393
4300
4292
4443
4185
4411
4262
4177
4190
4156
4408
4415
4233
4271
4256
4312
4047
4132
4051
3964
4022
3939
4002
3915
3838
3813
3997
3863
3949
3908
3989
3864
3755
3941
3767
3786
3701
3804
3762
3642
3775
3801
3650
3669
3730
3777
3749
3378
3592
3618
3674
3497
3499
3580
3523
3458
3534
3430
3499
3400
3376
3354
3383
3419
3430
3272
3211
3231
3293
3259
3310
3345
3296
3177
3325
3277
3167
2672
2737
2900
2915
2868
2918
2792
2764
2848
2851
2734
2806
2788
2791
2868
2822
2659
2774
2682
2869
2713
2827
2849
2732
2759
2684
2756
2725
2745
2669
2436
2481
2573
2566
2541
2553
2587
2489
2555
2660
2592
2573
2571
2543
2505
2608
2499
2530
2345
2384
2405
2374
2610
2554
2461
2497
2686
2574
2609
2786
2916
2402
2429
2333
2395
2510
2396
2287
2434
2489
2291
2315
2290
2207
2369
2059
2171
2134
2192
2260
2303
2109
2070
2168
2107
2133
2218
2257
2102
2118
2030
2162
2013
2065
2072
1982
2183
2186
2031
2120
2206
2158
2126
2028
2053
2208
2134
2037
1962
1918
1929
1966
1839
1916
1923
1881
1937
1880
1842
1915
1836
1773
1873
1922
1676
1796
1826
1833
1967
1761
2040
1903
1826
1803
1906
2084
1857
1890
1832
1816
1810
1779
1716
1714
1832
1670
1784
1677
1644
1752
1734
1557
1574
1564
1538
1606
1577
1636
1596
1604
1620
1549
1554
1546
1523
1566
1513
1540
1449
1400
1440
1387
1408
1433
1354
1294
1376
1454
1418
1294
1296
1398
1452
1343
1318
1355
1392
1379
1381
1345
1257
1249
1212
1245
1317
1270
1263
1259
1270
1309
1187
1134
1201
1094
1232
1208
1111
1167
1146
1112
1099
1115
1165
1153
1121
1075
1083
1148
1127
1107
1166
1110
1075
1158
1084
990
1001
1096
1061
1080
1071
1085
1070
1091
1037
1050
942
957
926
982
944
916
929
6459
9965
9992
9937
9766
9791
9808
9913
9833
9923
9877
9815
9801
9825
9814
9805
9797
2189
825
837
876
861
797
795
707
707
756
785
737
740
703
796
751
776
754
832
784
715
715
667
705
644
630
6045
9632
9654
9577
9573
9633
9549
9618
9636
9583
9679
9583
9572
9573
9494
9459
9587
1938
559
620
619
617
583
549
557
520
523
585
584
524
547
591
498
606
572
551
569
517
583
608
620
552
539
540
532
3732
9588
9542
9608
9562
9537
9550
9552
9536
9528
9529
9577
9567
9519
9594
9536
8944
3121
537
557
513
573
593
496
596
529
493
469
528
447
462
464
431
503
480
481
541
480
385
464
449
441
6268
9397
9386
9351
9388
9371
9371
9439
9336
9344
9368
9334
9341
9316
9268
9354
9391
1588
406
435
432
430
436
379
386
440
421
363
373
400
397
364
362
345
340
336
376
320
332
346
350
283
316
324
327
381
292
254
250
240
281
291
277
249
253
322
285
284
280
287
291
273
240
260
247
253
240
259
238
265
278
288
267
275
297
293
298
303
285
297
270
243
292
294
268
252
279
249
239
264
292
274
275
268
261
290
287
271
298
264
261
312
277
252
252
230
204
222
221
214
256
226
219
215
227
239
193
254
256
248
226
233
205
228
210
182
203
226
231
235
254
214
187
199
204
198
210
221
244
213
240
232
197
193
204
220
205
243
249
192
193
239
207
207
194
221
174
212
245
236
236
230
236
235
264
209
198
290
351
377
356
416
428
388
413
370
378
372
432
397
395
394
397
403
348
408
422
362
391
420
364
399
388
379
384
394
378
397
475
497
405
443
418
412
417
372
388
366
397
441
481
465
403
435
452
480
420
420
477
493
454
468
488
430
407
488
481
531
600
592
580
601
598
596
570
570
584
662
618
605
581
577
615
639
607
584
586
632
667
636
659
610
625
610
578
620
635
633
708
718
670
639
699
685
732
700
675
721
740
710
689
679
681
767
724
752
743
771
834
808
845
810
839
817
834
806
805
960
1052
925
993
974
977
941
1037
1033
1008
1018
1027
1033
1067
1021
1016
948
1080
961
1028
1024
1118
1140
1038
1140
1116
1075
1115
1140
1169
1149
1158
1147
1159
1119
1186
1156
1166
1171
1203
1210
1241
1199
1249
1246
1199
1138
1251
1173
1153
1262
1178
1187
1226
1272
1230
1318
1279
1268
1186
1301
1316
1378
1316
1202
1194
1341
1345
1316
1328
1177
1318
1314
1272
1233
1301
1281
1410
1165
1322
1360
1319
1303
1241
1312
1284
1234
1321
1390
1278
1365
1318
1365
1348
1404
1335
1371
1316
1298
1421
1349
1418
1485
1373
1413
1429
1434
1462
1525
1512
1482
1561
1534
1586
1543
1556
1583
1634
1606
1641
1849
1823
1835
1896
1911
2024
1882
1878
2079
1982
2113
2100
2122
2026
2101
2308
2124
2222
2166
2299
2605
2639
2600
2508
2548
2598
2791
2837
2776
2773
3240
3126
3244
3197
3346
3363
3366
3284
3421
3355
3748
3966
3921
4113
4123
4326
4530
4594
4724
4633
4959
5246
5265
5485
5593
5850
6018
6045
6286
6527
7047
7338
7491
7816
8072
8262
8446
8830
8698
8928
9176
9466
9481
9720
9721
9880
9741
9694
9618
9866
10118
10022
9969
10164
10039
9924
9858
10003
9819
9699
9642
9561
9429
9570
9328
9334
9161
8952
9002
8954
9006
9067
9139
8889
8962
8855
9103
8514
8881
8481
8481
8598
8495
8514
8457
8279
8223
8172
8237
8156
8019
7876
8051
8093
7989
8076
8064
8066
8148
8068
8226
7746
7558
7741
7656
7617
7728
7399
7355
7215
7262
7263
7303
7099
7031
6982
6916
6597
6621
6355
6377
6508
6325
6269
6308
6111
6235
6099
6013
5878
6075
5770
5655
5652
5665
5654
5507
5487
5443
5372
5257
5201
5239
5094
5181
5229
4870
4923
4699
4966
4894
4733
4738
4565
4528
4410
4512
4439
4276
4415
4223
4300
4199
4042
4192
3958
3969
3958
4002
3942
3888
3910
3753
3730
3727
3772
3656
3503
3470
3540
3557
3500
3445
3491
3308
3528
3259
3246
3293
3311
3258
3264
3169
3056
3087
3087
3024
3046
2970
2935
2921
3003
3004
2966
2851
2799
2815
2817
2778
2787
2736
2718
2596
2831
2659
2718
2656
2757
2726
2638
2617
2658
2670
2541
2580
2706
2706
2740
2668
2578
2568
2599
2481
2425
2485
2629
2512
2418
2422
2510
2529
2519
2415
2570
2503
2480
2442
2335
2530
2419
2385
2506
2439
2374
2389
2299
2442
2241
2287
2222
2270
2249
2212
2273
2272
2374
2359
2326
2331
2166
2196
2212
2226
2309
2159
2181
2277
2316
2313
2248
2149
2203
2166
2107
2261
2257
2144
2214
2227
2232
2334
2306
2276
2301
2240
2249
2206
2195
2233
2286
2266
2269
2362
2326
2279
2204
2219
2262
2296
2308
2305
2416
2297
2427
2342
2188
2352
2270
2177
2204
2281
2391
2357
2323
2315
2277
2246
2372
2371
2385
2472
2408
2416
2482
2452
2389
2518
2573
2526
2500
2541
2625
2520
2550
2549
2625
2482
2648
2630
2716
2798
2889
2893
2906
2820
2876
2888
2783
2846
2822
2884
2976
2968
2832
2909
2962
2928
2954
2975
3011
2998
3091
3085
3232
3078
3131
3087
3148
3125
3253
3308
3349
3271
3272
3310
3377
3452
3411
3407
3444
3723
3734
3542
3670
3738
3861
3774
3737
3797
3863
4103
4189
3984
3973
4091
4091
4203
4278
4293
4372
4270
4411
4535
4492
4493
4446
4735
4752
4772
4810
4865
5050
4934
4840
5040
4908
4869
4835
4964
4943
4952
5071
5125
5209
5086
5160
5034
5161
5347
5268
5135
5282
5229
5251
5349
5246
5397
5252
5530
5374
5367
5423
5504
5449
5587
5824
5567
5416
5768
5738
5817
5707
5935
5687
5870
5886
5824
5856
6013
5896
5976
5945
6063
6053
6163
5895
5988
6202
5931
6015
6318
6249
6081
6181
6092
5989
5926
6253
5829
6211
5999
5877
5945
6060
6100
6017
5953
5834
5873
5775
5798
5861
5724
5803
5843
6004
5805
5613
5888
5787
5763
5609
5677
5526
5482
5662
5616
5543
5701
5568
5454
5641
5594
5546
5565
5492
5449
5387
5325
5312
5416
5406
5345
5421
5246
5428
5303
5311
5231
5255
5369
5311
5159
5077
5188
5080
5183
5014
5121
4866
5102
5228
5095
5004
5074
5005
4957
4848
5060
4957
4910
4984
4908
4885
4753
4892
4733
4876
4704
4533
4575
4543
4615
4609
4563
4395
4542
4560
4501
4569
4584
4537
4481
4424
4285
4311
4182
4188
4367
4166
4363
4200
4114
4198
4224
4253
4296
4073
4168
4160
4046
4000
4068
4012
3955
3935
3993
3947
3905
3972
3972
4122
3751
3903
3798
3727
3753
3770
3861
3698
3789
3682
3766
3649
3623
3603
3495
3642
3555
3633
3071
3258
3130
3033
3171
3179
3206
3237
3250
3273
3187
3178
3178
3016
3110
3125
3213
3108
3136
2912
2935
2938
2882
2987
2994
3031
3028
3123
2999
2971
2921
2890
2884
2892
2895
2754
2905
2885
2885
2820
2786
2675
2747
2801
2996
2900
2900
2994
2787
2800
2839
2829
2791
2862
2782
2990
2826
2982
2934
3331
3329
2952
2832
2806
2921
2799
2719
2653
2589
2749
2594
2540
2707
2591
2551
2540
2450
2582
2619
2634
2495
2532
2779
2675
2554
2541
2472
2353
2350
2484
2466
2569
2498
2439
2489
2331
2403
2424
2419
2323
2316
2418
2457
2415
2401
2332
2418
2224
2322
2320
2419
2235
2348
2332
2276
2242
2218
2340
2247
2139
2102
2094
2266
2147
1974
2057
1992
2170
2074
2240
2224
2300
2206
2121
1986
1929
2133
2031
1864
1970
1922
2055
1989
1917
2075
1852
1965
1928
1969
1771
1914
1873
1836
1865
1897
1838
1795
1946
1958
1894
1810
1929
1805
1780
1875
1961
1843
1915
1749
1775
1720
1837
1677
1722
1759
1708
1669
1717
1657
1565
1600
1543
1566
1590
1588
1513
1631
1494
1582
1497
1587
1566
1470
1456
1523
1382
1435
1411
1362
1425
1373
1393
1412
1315
1365
1373
1265
1367
1256
1238
1277
1263
1261
1403
1336
1339
1306
1241
1226
1248
1235
1190
1190
1222
1140
1186
1134
1160
1181
1167
1259
1204
1198
1102
1103
1107
1085
1174
1098
1150
1174
1066
1149
7761
10348
10442
10321
10372
10360
10289
10260
10279
10275
10249
10233
10290
10345
10350
10315
4560
842
941
909
977
912
893
856
920
845
918
886
866
881
880
927
875
806
809
803
751
821
865
813
771
743
845
760
713
792
766
781
853
873
870
865
835
801
673
782
798
752
658
654
4342
10037
10045
9952
9943
9964
10026
10022
9988
9989
9971
9953
9835
9900
9911
9899
7305
588
618
576
565
561
581
556
645
629
632
529
619
626
654
594
675
587
640
554
532
588
587
543
540
549
508
541
545
539
551
578
528
513
520
521
587
501
585
489
527
493
529
572
9580
9716
9712
9676
9669
9639
9639
9690
9671
9705
9631
9652
9694
9685
9721
9717
3042
440
381
409
420
441
428
440
464
387
391
412
402
341
351
349
356
386
402
376
360
359
400
394
382
363
394
389
380
354
359
327
348
328
351
367
379
301
319
323
402
328
333
318
5588
9560
9634
9629
9576
9588
9635
9602
9528
9537
9620
9556
9580
9586
9555
9654
5542
289
260
298
267
286
258
291
248
285
300
284
215
262
264
262
224
247
265
298
242
251
274
256
279
236
210
226
242
234
231
215
276
215
246
216
184
251
245
172
214
253
213
220
230
260
205
242
238
259
193
187
176
200
186
150
185
192
197
199
217
198
223
188
189
203
212
197
207
212
176
215
216
194
199
211
192
203
210
200
199
200
224
241
202
213
208
229
250
216
243
215
217
240
239
237
219
220
188
160
219
306
340
321
312
321
374
355
328
341
339
332
340
341
353
353
333
361
361
322
342
377
389
392
366
360
329
380
368
314
378
387
410
452
395
432
444
381
420
441
418
422
455
436
442
411
409
417
360
452
452
530
496
472
450
466
490
529
470
481
513
576
653
578
600
593
542
533
583
571
581
626
631
586
605
649
585
570
602
628
604
639
626
681
633
606
589
600
626
673
623
628
676
701
683
661
620
680
695
763
678
690
664
714
765
792
716
612
793
730
717
756
773
712
748
802
766
745
823
817
823
957
950
893
885
909
924
943
921
985
890
935
995
1062
1076
1053
961
926
975
1067
1093
1041
1002
1132
1073
1042
1032
1092
983
1051
1052
1065
1141
1080
1113
1102
1148
1100
1192
1205
1251
1220
1184
1160
1083
1179
1259
1118
1147
1179
1192
1234
1316
1308
1311
1342
1299
1255
1230
1228
1331
1319
1329
1348
1397
1425
1454
1396
1384
1398
1366
1427
1446
1425
1457
1470
1423
1628
1421
1482
1528
1564
1512
1514
1495
1460
1458
1518
1565
1505
1469
1485
1500
1586
1455
1531
1549
1616
1584
1497
1438
1528
1486
1528
1509
1552
1467
1517
1543
1635
1568
1634
1712
1616
1582
1613
1609
1580
1694
1607
1617
1953
1955
1984
1881
1887
1966
1930
2002
2025
2031
2137
2259
2114
2094
2138
2186
2314
2398
2229
2283
2256
2618
2457
2628
2801
2701
2746
2783
2790
2791
3162
3279
3112
3209
3310
3271
3478
3510
3511
3716
3839
4225
3927
3967
4243
4400
4260
4570
4542
4728
5174
5369
5339
5609
5673
5720
5870
5927
6206
6357
6989
7387
7512
7757
7886
8177
8199
8484
9055
8918
9283
9568
9412
9581
9758
9793
9699
9666
9809
9648
10000
10179
10081
9986
10283
10214
10123
9979
10090
10186
9911
10045
10076
9840
9535
9739
9396
9555
9423
9165
9046
8863
9217
9033
8808
8924
8535
8696
8783
8399
8650
8338
8252
8246
8386
8341
8258
8072
8072
8100
8314
7921
8224
8064
8093
8245
8125
8196
7918
7965
7828
8024
7855
7733
7757
7772
7874
7509
7326
7266
7113
7165
7013
7053
6962
6733
6727
6618
6689
6485
6467
6319
6305
6317
6359
6120
6095
6021
5914
5940
5955
5948
5700
5640
5673
5605
5547
5489
5370
5302
5231
5263
5042
4993
4999
4786
4874
4838
4690
4709
4805
4575
4596
4539
4444
4330
4388
4195
4355
4210
4195
4281
4339
4134
4052
4040
4209
4028
3904
3975
4110
3981
3877
3825
3715
3721
3672
3694
3617
3650
3553
3419
3475
3358
3455
3424
3479
3365
3152
3237
3172
3172
3074
3268
3203
3088
3086
2934
3044
3076
3017
3038
2966
3084
2866
2942
2947
2941
2842
2865
2800
2909
2857
2915
2822
2710
2690
2748
2816
2750
2876
2920
2787
2749
2698
2699
2757
2794
2808
2580
2776
2636
2714
2563
2609
2640
2631
2674
2523
2500
2408
2524
2617
2530
2408
2621
2560
2463
2414
2539
2600
2449
2396
2555
2453
2508
2567
2444
2389
2451
2528
2474
2388
2445
2499
2323
2399
2387
2377
2443
2484
2441
2531
2366
2432
2447
2597
2518
2449
2521
2421
2429
2291
2432
2309
2388
2465
2359
2379
2281
2407
2369
2401
2391
2239
2450
2465
2555
2406
2391
2473
2351
2399
2329
2274
2272
2451
2384
2357
2297
2341
2422
2611
2290
2314
2325
2276
2260
2369
2344
2469
2283
2300
2235
2215
2310
2168
2350
2306
2318
2391
2457
2411
2286
2342
2419
2369
2365
2554
2484
2637
2498
2492
2514
2438
2544
2612
2553
2537
2516
2641
2542
2542
2813
2584
2592
2623
2623
2682
2818
2732
2963
2872
2834
2660
2743
2680
2655
2839
3060
2874
2925
2952
3096
2863
2953
2876
2946
3095
3147
3309
3334
3276
3230
3350
3333
3442
3362
3599
3535
3631
3710
3608
3766
3873
3910
3827
3826
4156
3928
4047
4093
4207
4242
4259
4159
4222
4242
4383
4419
4566
4513
4572
4605
4618
4617
4720
4744
4994
4787
5084
4799
5127
4866
4978
5055
5061
4878
4954
5165
5326
5213
5039
5293
5359
5243
5178
5407
5296
5343
5401
5372
5337
5287
5309
5444
5464
5417
5539
5507
5665
5517
5420
5666
5723
5755
5607
5730
5837
5834
5668
5818
5760
5650
5901
5885
5829
5956
5678
5799
5909
5787
5854
6025
5857
6111
5942
5817
6028
5884
6038
6066
6023
5868
5821
6009
5993
5979
5986
5844
6024
5799
5859
5715
5851
5616
5629
5799
5727
5799
5671
5797
5696
5638
5680
5606
5563
5632
5546
5647
5679
5599
5518
5616
5578
5526
5552
5446
5334
5290
5309
5303
5377
5523
5437
5327
5260
5222
5284
5167
5139
5204
5231
5134
5236
5081
5007
5096
5186
5227
5212
5094
5106
4948
4987
5034
4789
4880
4755
4738
4856
4757
4792
4865
4625
4612
4714
4630
4843
4770
4674
4706
4715
4663
4482
4571
4619
4491
4402
4326
4276
4381
4309
4486
4194
4272
4237
4343
4288
4211
4210
4143
4198
4321
4305
4304
4242
4183
4077
4054
4036
3943
3911
3999
4119
4083
3995
3860
3981
3844
3936
3935
3920
3767
3781
3972
3738
3889
3678
3753
3705
3829
3748
3593
3506
3502
3505
3580
3480
3387
3432
3525
3515
3500
3432
3448
3266
3406
3431
3489
2884
3060
2933
3020
2942
3134
3038
3069
3006
2946
3047
2973
2905
2979
3033
3019
2869
3058
2835
3029
2868
2965
2912
2872
2926
2935
2906
2812
2868
2760
2846
2863
2772
2762
2867
2730
2854
2750
2846
2829
2926
2882
2816
2689
2577
2580
2694
2704
2650
2650
2564
2576
2627
2757
2695
2675
2579
2760
2813
2960
3103
2632
2498
2530
2525
2583
2601
2483
2461
2613
2451
2411
2403
2436
2424
2372
2091
2337
2193
2426
2385
2396
2265
2490
2409
2391
2506
2351
2390
2354
2261
2326
2354
2244
2357
2198
2263
2260
2369
2361
2328
2400
2232
2148
2210
2242
2174
2196
2238
2087
2100
2076
2111
1958
2143
2195
1975
1994
2068
2041
2081
2025
2111
2094
2102
2084
2060
2050
1986
2001
2048
2000
2097
2165
2047
2021
1937
2037
2077
1944
1875
1836
1731
1825
1940
1935
1823
1762
1765
1818
1728
1901
1657
1810
1799
1766
1736
1767
1775
1737
1849
1804
1719
1714
1685
1697
1601
1567
1585
1702
1572
1450
1681
1780
1560
1504
1560
1685
1553
1514
1496
1331
1581
1553
1482
1428
1385
1394
1323
1396
1343
1586
1532
1535
1472
1426
1288
1519
1471
1330
1221
1257
1333
1358
1304
1292
1205
1195
1276
1199
1135
1185
1218
1131
1204
1106
1078
1167
1139
1172
1127
1152
1185
1109
1159
1063
1158
1148
1134
1090
1095
1084
1021
1082
1084
1060
998
1045
1047
950
903
976
910
4055
9861
9930
9900
9986
9879
9914
9916
9939
9901
9891
9817
9844
9938
9798
9823
9880
4631
845
835
875
910
845
912
855
878
938
791
857
823
868
816
809
877
910
821
807
834
866
793
850
811
784
847
3020
9722
9694
9757
9720
9672
9700
9650
9745
9650
9740
9681
9571
9580
9576
9647
9615
5118
666
592
666
596
585
555
567
565
559
566
576
586
552
615
651
639
673
649
565
584
568
552
554
490
537
517
6110
9613
9519
9532
9584
9560
9528
9592
9635
9555
9584
9575
9618
9617
9564
9590
8259
1403
467
463
514
507
435
490
482
483
498
441
433
468
426
423
389
396
468
474
472
426
352
420
441
415
1542
9463
9358
9376
9419
9388
9411
9390
9340
9390
9365
9310
9393
9336
9391
9383
9319
6194
359
371
332
389
348
357
312
304
375
317
377
343
345
297
359
310
352
327
320
317
350
372
341
319
298
335
357
373
345
300
297
304
320
282
287
302
263
264
281
285
274
242
310
356
279
266
277
214
256
270
271
301
243
256
242
335
268
219
220
189
252
269
222
282
255
237
231
231
242
252
244
274
242
254
241
207
221
222
204
226
228
253
219
193
225
251
218
237
225
224
221
210
252
198
207
208
200
255
206
222
182
207
190
181
181
211
227
249
198
202
177
243
171
166
198
197
230
145
192
156
204
199
170
199
175
192
192
220
216
215
244
207
200
247
254
222
198
208
189
213
189
212
225
234
231
231
211
228
221
279
320
299
343
352
382
337
352
353
399
334
335
344
356
357
331
361
338
368
352
352
380
383
395
367
383
389
381
352
386
403
433
421
395
370
458
434
434
412
417
439
469
430
419
445
427
391
431
384
434
446
482
453
414
417
437
425
442
451
472
528
610
577
532
586
599
572
639
626
555
532
593
595
588
566
624
594
517
572
567
606
670
603
598
642
625
611
659
573
612
596
678
695
600
639
684
682
650
698
698
684
717
755
696
683
678
741
706
748
685
731
781
807
742
758
713
765
733
766
774
865
855
930
908
915
866
912
930
968
900
983
952
946
979
937
985
966
953
1020
1022
954
1031
956
1018
986
975
1040
968
1073
1104
1058
1041
1090
1154
1031
1087
1102
1152
1132
1124
1209
1149
1147
1167
1102
1149
1159
1133
1121
1119
1163
1221
1122
1265
1228
1157
1120
1126
1142
1205
1177
1219
1207
1237
1232
1190
1220
1151
1222
1154
1261
1343
1298
1313
1285
1165
1155
1350
1276
1254
1257
1288
1251
1246
1284
1310
1335
1431
1420
1243
1353
1312
1271
1382
1284
1294
1389
1448
1340
1345
1368
1323
1298
1343
1364
1384
1362
1397
1360
1391
1403
1495
1440
1408
1479
1554
1518
1443
1489
1555
1711
1736
1749
1800
1768
1801
1856
1859
1921
2001
1984
2181
2018
1947
2143
2158
2008
2120
2175
2161
2280
2390
2623
2482
2460
2414
2605
2529
2581
2754
2889
2974
2994
2998
3006
3004
3278
3308
3374
3366
3585
3946
3873
3875
4032
4171
4387
4277
4349
4461
4813
5218
5119
5373
5306
5718
5909
5849
6079
6284
6750
7372
7318
7446
7887
8033
8259
8453
8295
8770
9027
9533
9218
9428
9371
9518
9686
9821
9796
9498
9785
10312
9923
9882
10045
9939
10181
10023
9931
9788
9815
9698
9658
9582
9627
9234
9282
9181
9249
9281
9064
9067
9267
8994
9064
8684
8476
8592
8535
8481
8747
8354
8242
8362
8156
8263
8088
8066
7984
7815
7900
7805
7943
7948
8022
7880
7951
7883
7931
7863
7828
7692
7362
7641
7456
7438
7300
7227
7285
7073
7303
7040
6695
7018
6906
6699
6642
6610
6478
6213
6446
6084
6186
6106
6033
5978
5905
5744
5690
5715
5395
5519
5586
5367
5234
5199
5268
5067
5068
4856
5059
4857
5009
4724
4793
4643
4537
4465
4472
4341
4370
4283
4365
4235
4186
4218
4156
4122
4165
4006
4151
4111
4009
3917
3850
4023
3821
3770
3720
3582
3621
3593
3750
3617
3552
3325
3547
3379
3233
3262
3165
3315
3321
3095
3066
2984
3033
3072
3007
2918
2973
2892
2902
2982
2982
2853
2844
2867
2879
2776
2872
2945
2735
2891
2811
2625
2749
2760
2633
2726
2672
2724
2715
2733
2571
2772
2567
2647
2632
2604
2701
2652
2605
2558
2561
2595
2608
2520
2541
2574
2500
2488
2616
2401
2421
2560
2489
2440
2430
2353
2398
2577
2285
2470
2467
2482
2445
2391
2419
2394
2373
2386
2438
2412
2404
2502
2415
2432
2369
2316
2251
2260
2161
2270
2250
2350
2319
2333
2271
2229
2229
2282
2156
2242
2260
2245
2248
2138
2202
2155
2238
2064
2267
2221
2118
2089
2237
2189
2376
2194
2274
2310
2132
2185
2176
2242
2115
2167
2188
2246
2146
2134
2130
2103
2187
1970
2197
2102
2174
2233
2093
2072
2264
2179
2139
2146
2104
2080
2321
2215
2047
2212
2115
2066
2108
2219
2196
2236
2134
2198
2214
2301
2272
2271
2346
2428
2380
2372
2463
2284
2368
2451
2311
2359
2311
2322
2450
2379
2466
2646
2541
2345
2355
2549
2445
2438
2617
2548
2463
2504
2692
2684
2546
2561
2692
2593
2551
2625
2725
2836
2792
2827
2841
2581
2642
2686
2658
2782
2667
2736
3010
3068
3036
2983
2878
3057
3117
3211
3157
3151
3172
3261
3303
3472
3400
3405
3593
3540
3465
3433
3622
3756
3792
3699
3608
3886
3695
3748
3841
4003
4084
4063
4119
3977
4017
4103
4189
4212
4253
4416
4589
4464
4568
4311
4559
4494
4507
4553
4622
4616
4542
4554
4597
4905
4731
4765
4789
4766
4805
4890
5032
4913
4935
4975
5182
5822
6528
6132
5832
5927
5857
5806
5910
5927
6211
6226
6128
5895
5780
5791
5673
5750
5378
5673
5484
5499
5483
5556
5446
5600
5466
5555
5520
5518
5565
5724
5590
5543
5559
5519
5820
5797
5582
5455
5624
5548
5545
5471
5464
5414
5569
5511
5526
5493
5434
5484
5333
5404
5301
5190
5281
5285
5284
5410
5244
5192
5436
5058
5239
5256
5219
5196
5122
5423
5373
5394
5226
5279
5229
5270
4958
5107
5123
4951
5133
4830
4929
5014
5078
4919
5052
5062
4868
5080
4971
4838
4812
4940
5031
4851
5031
4678
4896
4734
4828
4658
4670
4795
4864
4839
4825
4781
4689
4599
4638
4641
4576
4457
4319
4462
4530
4515
4576
4433
4301
4383
4219
4491
4431
4257
4216
4257
4141
4217
4182
4340
4163
4058
3905
4359
4145
4138
4211
4086
4107
4128
3975
3896
3787
4301
3838
4316
3703
4271
3915
4025
3488
4033
3684
3897
3648
3708
3838
3602
4120
3630
3609
3582
3707
3642
3530
3829
3726
3639
3716
3569
3724
3595
3532
3494
3411
3440
3488
3393
3493
3329
3309
3545
3332
3517
2798
2814
3065
3084
3150
2938
3097
2917
2923
2972
2925
2939
2925
3035
2956
2870
3095
3048
3001
2929
2875
2906
2884
2792
2928
2712
2892
2755
2834
2833
2711
2735
2678
2660
2695
2681
2746
2687
2623
2702
2620
2612
2661
2607
2674
2693
2702
2679
2625
2714
2595
2616
2748
2682
2782
2506
2566
2774
2854
3055
2860
2618
2452
2411
2567
2501
2468
2473
2377
2455
2422
2379
2243
2292
2360
2228
2305
2378
2310
2312
2390
2314
2278
2281
2288
2314
2220
2304
2250
2245
2208
2100
2200
2215
2189
2101
2135
2237
2145
2188
2023
2141
2034
2011
2147
2130
2062
2077
2167
1990
2145
2112
1998
2020
2029
1970
1922
2035
1841
1934
1940
1917
1941
1898
1933
2021
1991
1922
1920
1875
1948
1974
1910
1845
1844
1784
1768
1910
1943
1811
1991
1957
1949
1845
1862
1820
1796
1904
1890
1789
1803
1709
1818
1698
1726
1763
1728
1630
1640
1895
1734
1559
1782
1701
1753
1612
1642
1612
1646
1631
1645
1579
1576
1499
1562
1577
1450
1629
1620
1365
1402
1449
1493
1425
1445
1424
1380
1368
1541
1340
1416
1331
1386
1413
1471
1459
1326
1356
1377
1369
1357
1137
1347
1247
1206
1252
1224
1218
1174
1185
1211
1150
1227
1256
1240
1121
1144
1152
1209
1189
1138
1161
1074
1089
1149
1084
1174
1107
992
1057
1121
1088
1036
1022
1025
938
1062
1015
1101
1008
955
988
967
5684
9880
9978
9951
9909
9848
9790
9900
9861
9895
9912
9898
9898
9795
9815
9808
9779
2892
909
856
868
899
807
856
781
761
751
768
774
720
702
789
792
874
880
834
735
778
787
778
778
671
691
702
9373
9616
9608
9599
9598
9628
9614
9641
9616
9705
9715
9605
9596
9551
9544
9491
7534
592
516
571
565
658
551
601
566
591
532
594
480
521
522
588
555
502
540
517
488
503
559
570
570
517
512
506
6126
9605
9603
9592
9573
9562
9585
9570
9509
9509
9537
9562
9537
9571
9599
9496
8236
1357
459
456
428
417
421
423
485
510
423
388
420
444
395
460
439
406
390
420
449
478
410
372
358
374
389
6423
9311
9377
9327
9346
9327
9286
9358
9278
9260
9292
9144
9274
9306
9293
9316
9226
1253
355
348
340
314
342
327
298
267
325
290
304
302
283
277
305
273
253
288
255
270
294
310
315
300
283
282
297
253
297
304
308
268
260
241
277
279
272
248
284
280
295
284
221
234
244
226
203
229
255
224
209
266
272
272
247
270
206
238
222
226
234
249
233
208
205
188
224
167
196
180
232
168
165
185
206
203
207
181
199
185
200
176
187
176
172
230
212
213
213
199
221
210
187
200
176
186
179
174
225
199
192
195
179
173
185
187
174
151
161
164
174
190
190
173
173
165
186
164
146
169
136
164
148
195
192
177
191
202
192
176
200
195
214
197
204
167
201
215
209
231
195
172
180
163
199
207
232
261
331
384
329
339
331
355
310
353
312
351
335
389
377
399
366
367
352
364
378
372
434
452
368
359
396
411
398
388
433
388
417
437
405
420
403
442
434
408
409
399
420
461
461
414
441
430
397
419
388
477
469
492
448
459
462
463
449
442
481
428
545
570
589
563
637
599
545
540
548
563
639
621
595
577
544
541
606
576
586
611
636
672
645
605
585
613
591
626
605
618
611
722
655
693
679
668
673
666
628
648
698
687
691
651
674
730
642
712
793
858
756
821
875
798
785
806
754
807
783
794
985
1000
996
962
878
828
918
949
971
890
935
965
1025
963
898
966
933
980
981
897
985
1108
1004
1047
1005
1062
1076
907
1060
959
1099
1091
1041
1060
1087
1090
1062
1166
1129
1086
1159
1143
1133
1076
1131
1169
1146
1145
1134
1164
1119
1182
1106
1121
1167
1226
1214
1278
1269
1222
1189
1269
1266
1284
1267
1226
1210
1362
1248
1329
1309
1313
1278
1333
1334
1292
1300
1319
1257
1275
1256
1334
1283
1382
1346
1246
1317
1277
1208
1378
1369
1386
1385
1281
1466
1307
1326
1396
1311
1341
1339
1352
1277
1430
1400
1389
1382
1480
1323
1404
1544
1637
1516
1488
1517
1598
1569
1559
1452
1546
1794
1805
1815
1850
1852
1898
1912
1892
1956
1947
1986
2184
2123
2162
2194
2232
2331
2294
2227
2309
2501
2502
2479
2413
2567
2528
2581
2594
2819
2770
3089
3051
3126
3177
3179
3380
3428
3207
3376
3473
3789
4005
3938
3830
4093
4112
4170
4374
4494
4747
4872
5051
5055
5232
5485
5662
5922
5909
6217
6256
6922
7329
7514
7458
8007
8235
8389
8669
8814
8695
9273
9582
9577
9669
9670
9736
9969
9616
9956
9711
10155
10370
10165
10109
10031
10023
10147
9804
9953
9746
9914
9973
9565
9391
9458
9444
9434
9205
9371
9042
8837
9094
9015
8895
8873
8531
8646
8617
8530
8432
8525
8485
8466
8671
8500
8468
8275
8406
8162
8201
8101
7955
8144
8256
8161
8373
8124
8050
8126
8202
8271
7918
7861
7634
7718
7738
7589
7662
7400
7302
7333
7234
7331
7133
7081
6754
6779
6630
6583
6642
6539
6599
6546
6210
6320
6088
6109
6109
5982
6008
5996
5810
5744
5920
5493
5468
5458
5548
5381
5032
5190
5215
5207
4949
4932
4769
4965
4878
4565
4646
4826
4677
4555
4534
4240
4385
4461
4237
4274
4267
4155
4201
4197
4258
4005
3886
3979
4012
4020
3902
3891
3758
3638
3762
3595
3582
3686
3431
3452
3483
3485
3383
3304
3467
3385
3421
3241
3279
3215
3142
3211
3156
3136
3123
3181
3122
3230
3068
3047
2945
3120
2960
2945
2985
3021
2900
2895
2959
2903
2881
2935
2787
2820
2785
2715
2810
2748
2642
2671
2702
2724
2760
2715
2731
2770
2656
2764
2601
2577
2592
2661
2673
2652
2621
2646
2642
2552
2625
2493
2498
2562
2593
2573
2623
2457
2490
2490
2679
2608
2584
2549
2461
2507
2419
2493
2442
2452
2410
2505
2491
2402
2500
2475
2359
2277
2390
2421
2514
2384
2228
2267
2260
2408
2373
2443
2305
2398
2357
2340
2182
2414
2189
2351
2419
2326
2330
2239
2403
2185
2346
2372
2299
2268
2389
2277
2205
2330
2178
2167
2182
2413
2230
2241
2235
2337
2248
2282
2194
2112
2099
2091
2124
2280
2291
2162
2180
2170
2139
2175
2177
2100
2158
2200
2262
2269
2182
2279
2216
2294
2329
2341
2319
2312
2376
2355
2337
2324
2287
2397
2225
2340
2305
2260
2380
2251
2330
2354
2333
2414
2521
2456
2532
2564
2546
2336
2552
2473
2447
2572
2496
2530
2606
2576
2517
2589
2549
2635
2658
2742
2817
2635
2739
2753
2720
2843
2776
2723
2846
2857
2819
2875
2866
2943
3016
3038
3236
3029
3013
3193
3142
3184
3147
3323
3492
3288
3260
3424
3405
3424
3423
3397
3570
3632
3782
3713
3796
3835
3696
3711
3881
3964
4039
3912
4043
4099
4069
4040
4237
4114
4338
4356
4391
4344
4227
4273
4371
4501
4363
4472
4391
4469
4573
4600
4488
4651
4731
4713
4770
4802
4795
4817
4895
4863
4773
4754
4845
4813
4835
5029
4991
4991
5160
5231
5190
5069
5173
5266
5277
5264
5521
5460
5316
5318
5317
5368
5427
5509
5407
5482
5537
5567
5481
5489
5538
5438
5585
5529
5552
5627
5624
5683
5560
5731
5659
5718
5540
5780
5745
5586
5835
5623
5663
5664
5683
5719
5596
5568
5509
5592
5379
5544
5433
5501
5339
5501
5383
5366
5379
5569
5411
5318
5307
5369
5468
5561
5592
5616
5660
5387
5313
5505
5360
5343
5460
5445
5590
5316
5432
5302
5348
5336
5347
5282
5125
5234
5325
5174
4976
5026
5137
5112
4884
4961
4910
4921
4974
5064
4760
4883
4990
4965
4913
4878
4898
4910
4892
4994
4937
4830
4999
4924
4651
4831
4777
4680
4559
4643
4662
4465
4798
4524
4515
4416
4440
4363
4375
4512
4384
4562
4513
4485
4521
4452
4484
4414
4289
4337
4406
4329
4319
4223
4172
4216
4230
4118
4158
4113
4232
4308
4192
3922
4148
4109
3969
4080
4169
3865
3870
3786
3843
3864
3899
3858
3893
3771
3799
3796
3628
3747
3687
3693
3803
3714
3692
3768
3676
3757
3721
3759
3718
3119
3401
3352
3159
3560
3400
3297
3415
3196
3339
3184
3227
3133
3198
3127
3147
3147
3170
3079
3168
3137
3269
3078
3202
3170
3059
3155
3074
3147
3262
3060
2948
3051
2957
2937
3051
2957
2928
3007
3059
2835
3057
3056
3121
3000
2960
2876
2837
2887
2776
2823
2838
3007
2852
3006
3053
3079
3118
2995
3168
3208
2810
2934
2838
2815
2783
2756
2765
2743
2517
2577
2713
2601
2625
2611
2616
2661
2639
2620
2643
2660
2665
2571
2772
2520
2626
2649
2628
2458
2435
2364
2372
2252
2475
2392
2641
2511
2430
2526
2507
2590
2441
2551
2456
2483
2421
2432
2445
2417
2270
2384
2383
2349
2344
2360
2371
2308
2355
2304
2294
2330
2238
2328
2374
2388
2284
2240
2289
2277
2165
2292
2151
2317
2247
2140
2258
2251
2202
2160
2149
2140
2096
2149
2051
2146
2025
2071
1949
2129
2139
1949
1894
1926
1931
1900
1938
2065
1941
2001
1924
2063
1936
1961
1809
1947
1897
1808
1789
1880
1767
1841
1715
1663
1869
1827
1767
1823
1816
1778
1705
1632
1626
1559
1710
1677
1548
1610
1577
1555
1532
1577
1545
1618
1646
1695
1624
1487
1490
1573
1528
1421
1536
1562
1516
1601
1415
1405
1439
1348
1400
1382
1366
1398
1472
1383
1283
1305
1361
1340
1300
1400
1373
1315
1345
1190
1327
1321
1272
1290
1289
1277
1182
1159
1172
1198
1275
1218
1058
1188
1084
1089
1053
1112
5840
10100
10065
10112
10024
10060
10135
10079
10078
10029
10027
10113
10072
10007
10044
10029
10088
2997
1115
1046
983
1072
1017
1002
982
981
1011
1030
1194
1123
1076
1129
1123
987
1024
1117
998
1065
1074
1077
1072
1033
958
889
6494
9869
9997
9890
9803
9845
9829
9889
9855
9773
9814
9852
9848
9659
9675
9668
9755
2152
742
790
748
767
780
797
762
835
825
812
809
841
814
843
846
857
911
895
875
812
797
909
855
869
862
823
8581
9898
9953
9927
9862
9881
9927
9830
9819
9823
9821
9845
9872
9804
9809
9828
7331
762
734
806
723
730
796
718
791
764
844
871
817
710
671
715
720
699
620
658
678
728
625
621
595
622
1294
9386
9578
9572
9539
9507
9640
9550
9587
9619
9570
9621
9542
9490
9567
9551
9518
7153
536
564
593
557
601
596
623
631
567
561
540
586
537
557
580
497
521
487
541
565
554
531
545
512
478
507
442
490
477
485
446
440
456
531
490
461
459
455
434
424
450
441
406
408
439
369
356
387
389
358
378
385
318
369
378
397
449
414
363
371
328
350
366
318
310
323
356
342
319
266
367
358
307
373
348
347
300
297
324
318
362
306
266
331
328
308
322
277
310
269
299
358
322
352
343
309
329
324
292
297
318
321
316
297
308
300
285
315
341
344
269
234
273
301
310
235
270
264
239
266
279
274
258
242
275
266
215
226
269
241
303
267
280
228
238
230
222
250
261
204
262
239
268
232
241
250
270
241
281
343
360
335
370
367
365
369
351
352
386
380
383
373
384
394
379
370
408
381
365
411
408
416
379
442
455
481
481
461
392
439
485
451
471
466
433
470
437
456
443
477
517
496
504
509
522
536
476
493
470
511
550
584
590
611
544
543
579
628
527
647
795
709
819
818
781
780
760
739
787
816
908
821
850
857
938
853
856
954
843
924
931
941
989
959
1009
920
970
953
967
1032
1031
1125
1069
1069
1185
1111
1100
1178
1215
1106
1187
1185
1227
1183
1183
1203
1150
1232
1211
1320
1223
1196
1136
1221
1286
1290
1283
1242
1356
1525
1484
1372
1472
1562
1490
1485
1493
1440
1530
1563
1574
1525
1538
1579
1553
1610
1653
1602
1638
1635
1569
1677
1622
1709
1637
1639
1696
1575
1643
1762
1672
1696
1769
1774
1853
1757
1690
1768
1816
1587
1778
1839
1823
1802
1836
1741
1819
1832
1825
1816
1763
1844
1759
1747
1923
1939
1815
1780
1937
1967
1900
1897
2012
2039
2033
1973
2009
1971
1846
1996
1906
2087
1962
2098
2008
2113
2081
2066
2075
2136
2133
2029
2045
2163
2178
2151
2064
1993
2057
2048
2077
2101
2063
2164
2154
2112
2182
2346
2190
2235
2255
2332
2192
2130
2224
2250
2324
2261
2120
2291
2324
2329
2233
2285
2410
2475
2392
2425
2339
2551
2712
2575
2684
2748
2809
2828
2693
2842
2966
2959
2918
2971
3018
3058
3024
2994
3133
3033
3122
3285
3345
3436
3398
3376
3424
3560
3697
3564
3743
4194
4145
4010
4007
4137
4183
4338
4296
4297
4557
4336
4616
4589
4644
5009
4802
5021
5090
5372
5435
5422
5653
5547
5818
5947
6115
6066
6436
6114
6531
6934
7121
7026
7277
7340
7550
7698
7748
7962
8055
7808
8410
8414
8440
8351
8584
8655
8801
8859
8916
9061
9165
9192
9110
9349
9327
9346
9520
9793
9640
9593
9874
9654
9540
9961
9532
9832
9652
9684
9955
9587
9795
9651
9596
10018
9703
9719
9718
9575
9363
9599
9468
9558
9460
9274
9220
9230
9146
9384
9346
9570
9248
9383
9298
9397
9317
9462
9405
9274
9040
9018
9161
8996
9085
9190
8904
8920
8906
8887
8726
8610
8679
8468
8480
8376
8494
8310
8195
8327
8300
8218
7928
7785
7968
7861
7595
7698
7624
7688
7617
7315
7547
7473
7389
7330
7456
7250
7307
7334
7141
7256
7021
7050
6998
6977
6799
6606
6700
6528
6665
6713
6420
6362
6356
6373
6152
6069
6223
6005
5950
6024
5948
6068
5906
5862
5907
5690
5750
5697
5630
5495
5575
5525
5545
5501
5396
5274
5225
5188
5136
5292
5213
4941
5224
4860
5019
4825
4893
4689
4755
4850
4987
4837
4596
4648
4548
4571
4447
4462
4308
4306
4371
4426
4382
4334
4178
4140
4069
4160
4129
4088
3947
3978
4009
3883
3835
3783
3805
3749
3801
3810
3781
3802
3689
3620
3703
3631
3623
3785
3666
3696
3636
3625
3683
3480
3610
3388
3504
3408
3413
3429
3397
3353
3372
3302
3223
3336
3334
3361
3291
3348
3151
3190
3266
3173
3245
3289
3190
3209
3015
3142
3152
3162
3036
3012
3200
3138
3116
3090
3101
3122
3186
3147
3096
3128
3029
3090
3050
3115
3012
2894
3006
3150
3109
3044
3041
3099
3150
3147
3084
2949
3030
3152
3061
3080
3139
3242
3069
3021
3057
3069
3067
2981
3119
3084
3044
3029
3062
3040
3009
3241
3053
3087
3087
2954
3049
2979
3009
3005
2921
2983
2884
2937
3041
2951
2904
3001
2958
3049
2997
3019
3039
3081
3084
3194
3159
3152
3072
3053
2948
3122
3036
3181
3196
3110
3144
3279
3352
3371
3212
3248
3304
3357
3160
3379
3226
3275
3248
3279
3395
3466
3339
3457
3496
3273
3332
3435
3358
3363
3394
3642
3660
3615
3646
3560
3645
3767
3854
3636
3710
3907
4007
3951
3949
3900
4025
4056
4302
4189
4235
4277
4370
4289
4328
4472
4592
4617
4532
4553
4831
4637
4604
4720
4874
4703
4872
4678
4872
4915
5159
5107
5223
5213
5139
5170
5077
5309
5251
5433
5379
5700
5544
5391
5304
5433
5483
5478
5369
5619
5687
5622
5659
5582
5742
5786
5773
5766
5855
5966
6032
6006
5943
6031
5959
6019
6048
5962
6149
6012
6137
6193
6273
6456
6263
6321
6265
6295
6112
6109
6011
6208
6117
6405
6269
6354
6280
6348
6468
6624
6148
6380
6455
6377
6264
6063
6235
6297
6246
6307
6183
6523
6352
6287
6454
6330
6438
6282
6033
6529
6303
6324
6324
6163
6217
6328
6256
6187
5992
6096
6125
5982
6123
6145
6012
6135
5681
6073
6165
6072
6058
6053
5875
5917
5792
6111
5944
5883
5857
5897
5943
5918
5868
5751
5861
5648
5875
5882
5842
5930
5750
5794
5923
5675
5747
5714
5656
5501
5721
5363
5641
5593
5658
5412
5496
5435
5336
5179
5461
5301
5419
5509
5337
5355
5276
5366
5351
5532
5352
5301
5209
5226
5265
5171
5239
5264
5104
5088
5086
4964
5084
5149
5012
5170
5239
5233
4976
5055
4967
5029
5200
4983
4997
5000
5080
4972
5065
4917
4936
4881
4828
4810
4780
4882
4833
4754
4661
4702
4732
4706
4722
4533
4451
4426
4430
4491
4517
4258
4357
4392
4402
4400
4293
4359
4459
4336
4194
4415
4166
4268
4234
4177
4321
4229
4280
4113
4114
4097
4118
3951
4179
3834
3808
3750
3707
3823
3822
3740
3782
3840
3766
3780
3696
3965
3969
3875
3849
3881
3860
3658
3722
3774
3830
3810
3710
3785
3767
3730
3740
3672
3799
3610
3711
3495
3740
3656
3699
3646
3617
3595
3831
3560
3544
3492
3549
3496
3572
3465
3502
3525
3480
3540
3486
3365
3489
3364
3389
3456
3384
3417
3424
3848
3672
3470
3557
3360
3300
3347
3388
3438
3502
3256
3272
3309
3272
3302
3450
3330
3222
3083
3133
2947
3136
3205
3081
3133
3120
3065
3215
3138
2987
3124
2891
2877
2911
3071
2953
3022
3236
3107
3204
3152
3133
3018
3167
2949
2911
2921
2960
2949
2749
2843
2762
2858
2749
2876
2909
2917
2899
2868
2844
2680
2736
2733
2813
2759
2543
2710
2746
2689
2590
2714
2687
2704
2453
2516
2631
2538
2480
2464
2591
2467
2533
2621
2607
2507
2639
2394
2339
2405
2452
2353
2374
2354
2349
2420
2457
2356
2399
2225
2224
2360
2244
2273
2300
2391
2261
2373
2240
2226
2303
2120
2162
2112
2117
2025
2182
2133
2050
2129
1974
2094
2013
1990
1916
1958
1960
1957
1965
1949
1926
1873
2045
2006
1918
2085
1941
1865
1826
1774
1781
1843
1849
1747
1669
1646
1741
1783
1680
1624
1584
1769
1763
1612
1672
1585
1679
1583
1632
1593
1703
1641
1688
1662
1717
1544
1587
1675
1636
1511
1563
1647
1571
1546
1487
1534
1494
1462
1473
1502
1488
1435
1406
1393
5585
10690
10764
10702
10730
10754
10713
10715
10621
10596
10611
10652
10538
10609
10639
10549
7772
1399
1331
1238
1312
1336
1345
1273
1234
1236
1288
1285
1312
1184
1177
1252
1120
1108
1110
1124
1110
1185
1138
1091
1130
1064
1150
9488
10299
10374
10423
10359
10396
10320
10308
10368
10317
10246
10225
10316
10209
10179
10134
3121
936
951
903
1039
951
900
921
937
842
891
872
861
896
847
816
854
822
825
813
756
783
823
861
828
752
3686
10134
10076
10034
10093
10071
10046
10096
10023
10100
10003
10075
10048
10043
10033
9962
8549
873
804
803
680
742
820
825
747
758
692
710
727
710
724
745
625
690
642
629
676
628
638
697
658
629
3084
9931
9885
9929
9961
9966
9946
9931
9895
9883
9897
9853
9840
9850
9869
9818
8687
585
544
508
555
495
563
519
479
498
517
428
490
482
460
443
468
511
487
465
422
421
483
484
452
422
380
452
465
412
474
489
460
452
398
423
420
384
372
402
396
390
354
350
342
328
375
380
393
340
396
369
382
368
275
313
371
329
336
353
281
334
355
334
342
370
354
381
361
373
397
380
339
300
285
304
314
292
301
305
317
322
268
279
275
257
270
312
295
335
315
285
254
270
366
343
318
338
315
304
302
306
298
241
314
249
302
336
274
280
281
317
244
302
285
291
270
227
229
233
231
254
236
273
262
274
274
260
292
237
272
232
269
241
287
265
262
255
245
257
219
233
233
229
224
235
205
237
262
275
266
290
260
249
297
313
291
347
370
311
293
315
363
376
327
331
347
362
375
380
344
394
358
392
347
382
375
325
383
396
420
410
397
389
451
400
396
443
439
382
436
460
481
489
446
559
451
474
491
491
489
521
515
509
565
561
561
594
588
587
575
572
586
543
623
702
649
727
680
707
748
746
709
689
808
807
783
736
821
814
822
784
807
826
784
824
831
843
882
786
809
846
838
880
834
910
959
889
865
953
916
934
936
926
1062
947
1066
988
1009
1022
988
1041
1018
1067
1099
1145
1094
1047
1184
1104
1176
1129
1184
1220
1248
1202
1235
1266
1222
1190
1327
1356
1281
1362
1413
1428
1339
1309
1310
1349
1408
1357
1351
1405
1414
1416
1330
1390
1429
1455
1447
1464
1443
1510
1503
1443
1576
1590
1605
1528
1456
1528
1635
1550
1623
1516
1660
1676
1604
1707
1569
1613
1602
1683
1640
1648
1712
1696
1367
1923
1660
1592
1735
1633
1740
1764
1727
1695
1725
1763
1769
1769
1700
1719
1760
1720
1817
1807
1720
1754
1865
1824
1748
1764
1822
1841
1869
1925
1911
1862
1938
1928
1873
1898
1913
1782
1884
1926
1948
1943
1896
1975
1964
1986
1959
1986
2035
1983
2014
2028
2151
2097
2081
2075
2090
2247
2078
2144
2172
2122
2215
2244
2259
2206
2393
2394
2447
2468
2577
2708
2521
2699
2544
2717
2750
2739
2632
2778
2791
3023
3041
2991
2838
3014
3161
3219
3167
3161
3233
3273
3335
3370
3487
3462
3731
3817
3752
3786
3917
3966
4060
4151
4250
4136
4238
4319
4379
4392
4470
4638
4671
4654
4835
4875
4993
5003
5140
5131
5351
5336
5285
5587
5757
5734
6089
6178
6423
6556
6688
6909
6848
6859
6982
7299
7540
7689
7769
7909
7842
8151
8410
8492
8559
8664
8445
8691
8849
9186
9216
9198
9068
9436
9370
9394
9402
9626
9661
9456
9313
9544
9513
9497
9370
9146
9256
9197
9502
9382
9282
9382
9413
9124
9086
8920
9017
8923
8736
8864
8769
8937
8922
8949
8740
8598
8738
8815
8557
8597
8982
8868
8627
8687
8648
8742
8702
8646
8431
8371
8416
8499
8424
8467
8122
8278
8418
8449
8210
8160
8289
8146
8131
7977
7864
7867
7945
7910
7796
7773
7816
7633
7444
7656
7744
7455
7767
7517
7226
7332
7244
7105
7020
7000
7076
7024
6943
7007
6969
6643
6817
6645
6616
6503
6341
6377
6616
6365
6256
6171
6226
6079
6230
5988
5962
5937
5807
5648
5834
5876
5719
5661
5480
5475
5327
5315
5464
5276
5101
5217
5149
5093
5049
5021
4825
4864
4886
4735
4931
4754
4617
4550
4569
4484
4581
4524
4495
4407
4461
4371
4226
4380
4282
4390
4170
4016
4248
4099
4188
4099
4087
3930
4040
3884
3910
3881
3798
3772
3924
3805
3659
3743
3882
3786
3669
3704
3671
3609
3556
3684
3626
3686
3597
3634
3457
3458
3623
3426
3433
3537
3492
3337
3419
3408
3400
3415
3273
3386
3348
3316
3217
3242
3213
3141
3107
3224
3248
3163
3273
3130
3212
3239
3248
3185
3210
3181
3238
3137
3110
3092
3035
2915
2958
3029
3163
3015
3019
3236
3107
3032
3057
3051
3029
2956
3092
3061
2938
3046
2943
2941
2939
2936
2968
2815
2957
2943
2816
2955
2820
2874
2736
2852
2747
2808
2888
2983
2790
2809
2860
2913
2713
2896
2796
2918
2812
2715
2854
2868
2800
2693
2919
2718
2882
2858
2851
2831
2895
2735
2955
2858
2773
2658
2772
2757
2867
2729
2961
2888
2862
2970
2941
2980
2967
2842
2870
3163
3098
3090
3001
3090
3054
3175
3148
3020
3143
3135
3147
3398
3280
3238
3294
3292
3238
3396
3322
3355
3361
3400
3389
3478
3441
3426
3454
3634
3519
3580
3571
3721
3598
3777
3798
3814
3678
3739
3826
3969
4038
3932
3863
3926
4070
3985
4039
3898
4192
4208
4272
4346
4397
4387
4431
4482
4490
4545
4484
4569
4616
4644
4717
4621
4822
4972
4899
4871
4798
4979
5136
5011
5254
5330
5102
5307
5226
5141
5272
5463
5688
5631
5486
5463
5533
5424
5543
5640
5680
5549
5602
5752
5663
5726
5716
5720
5746
5809
5870
5898
5772
5835
5823
5924
6038
5902
5861
5952
5791
5939
6005
6112
6273
6087
6140
6225
6159
6304
6174
6151
6315
5954
6186
6134
6127
6342
6276
6319
6297
6247
6360
6258
6175
6228
6181
6178
6248
6206
6220
6132
6316
6219
6137
6107
6104
6171
6044
6019
6157
6151
6193
5945
5866
6018
5842
5972
6008
5844
5887
6136
5602
5881
5668
5695
5824
5753
5791
5704
5657
5616
5603
5502
5709
5589
5863
5624
5822
5689
5488
5603
5688
5547
5449
5556
5364
5376
5281
5350
5272
5339
5423
5439
5441
5355
5219
5257
5177
5221
5055
5194
5166
5047
5208
5208
5115
4912
5022
4923
4935
5085
4828
4973
4970
4913
5057
4845
4910
4816
4850
4608
4728
4917
4832
4909
4786
4693
4636
4684
4580
4493
4535
4558
4629
4509
4585
4518
4489
4384
4345
4328
4465
4430
4401
4444
4433
4366
4424
4300
4201
4232
4371
4246
4331
4322
4253
4056
4393
4246
4106
4225
4198
4110
4155
4152
4097
4035
4021
3949
4076
3963
3923
4052
4040
3914
4093
3985
3910
4045
3780
3808
3771
3700
3913
3773
3659
3638
3671
3789
3747
3749
3201
3276
3381
3306
3377
3284
3372
3384
3454
3355
3474
3472
3416
3338
3422
3293
3368
3275
3423
3366
3327
3238
3411
3229
3310
3211
3248
3255
3307
3381
3230
3104
3174
3224
3331
3246
3181
3320
3263
3291
3221
3047
2961
3102
3070
3038
2997
3124
3032
2951
2988
3090
3001
2949
3021
3053
3137
3100
2971
3378
3667
3194
3016
2927
2999
3112
2964
2961
2875
3040
3012
3127
2987
2950
2917
2812
3028
2723
2819
2885
2894
2928
2886
2723
2700
2859
2842
2751
2730
2744
2706
2877
2877
2746
2755
2733
2831
2862
2754
2720
2647
2641
2642
2683
2713
2716
2606
2780
2683
2660
2768
2429
2517
2518
2631
2706
2652
2635
2607
2563
2482
2400
2624
2428
2456
2433
2501
2462
2376
2385
2391
2261
2329
2345
2365
2198
2243
2270
2332
2225
2242
2181
2104
2235
2275
2178
2235
2163
2158
2316
2259
2101
2170
2093
2087
2149
2205
2078
2023
2053
1959
2057
1978
1942
1911
2023
1996
1993
2064
2012
2058
1867
1933
2004
1874
1862
1944
1906
1900
1722
1848
1931
1852
1923
1888
1777
1724
1825
1723
1832
1752
1644
1618
1803
1660
1647
1675
1515
1621
1601
1690
1651
1763
1695
1584
1564
1643
1620
1645
1502
1520
1489
1418
1482
1530
1466
1389
1436
1464
1387
1426
1436
1373
1296
1375
1381
1387
1388
1267
1199
1365
1335
1364
1288
1287
1404
1359
1283
1299
1363
1263
1238
1205
7684
10500
10554
10481
10496
10508
10568
10529
10507
10470
10526
10479
10432
10440
10521
10429
5206
1083
1139
1090
1006
1033
1090
1051
1056
1122
1130
1088
1091
1093
1084
1054
1056
1030
930
999
928
909
931
879
881
805
849
3668
10170
10292
10161
10163
10134
10094
10156
10192
10330
10209
10119
10018
10121
10071
10039
8352
749
776
838
782
791
780
768
812
785
770
819
838
751
782
656
722
697
599
724
786
711
651
662
738
710
668
8452
9977
10030
9934
9978
9972
9940
9934
9909
9953
9901
9912
9895
9948
9869
9850
3232
626
567
599
548
565
580
560
632
608
600
577
533
520
546
527
496
482
495
448
484
483
491
478
395
578
9462
9773
9740
9782
9750
9758
9789
9717
9802
9779
9752
9757
9737
9716
9707
9727
1858
458
397
454
356
372
388
428
459
426
392
391
378
394
370
360
381
409
361
355
376
375
419
356
315
371
370
379
363
284
318
316
345
278
325
320
369
353
313
270
329
347
305
323
304
321
313
338
339
311
297
307
343
338
258
308
301
315
316
306
281
282
281
332
281
289
301
259
280
254
268
298
244
236
246
259
249
276
289
282
263
256
279
303
231
264
245
232
205
233
264
219
236
253
272
269
283
244
235
294
311
229
240
260
255
231
228
227
232
213
247
260
247
219
222
220
226
269
231
221
197
231
258
221
222
219
213
197
220
230
221
236
208
234
228
236
191
227
251
228
205
242
230
225
246
249
237
250
262
268
263
257
210
324
348
383
429
339
387
365
381
309
325
336
366
380
359
337
351
387
422
360
371
373
456
421
428
448
441
412
462
422
439
503
543
612
547
535
542
474
517
488
474
506
566
516
497
534
472
540
511
475
513
560
624
565
545
513
528
546
476
532
544
604
609
654
636
610
623
680
602
632
596
609
635
671
664
647
594
671
592
668
642
700
728
706
646
707
701
731
720
758
733
752
785
769
769
781
782
812
790
838
797
809
821
842
889
875
851
783
888
887
871
899
921
912
914
886
911
961
930
854
913
1092
1015
1024
1080
1001
1078
1020
1014
1065
1074
1103
1067
1020
1026
991
1086
1038
1116
1116
1073
1056
1146
1161
1114
1167
1091
1158
1123
1173
1161
1200
1189
1218
1242
1342
1239
1309
1310
1323
1206
1293
1304
1293
1314
1238
1338
1239
1202
1300
1273
1291
1361
1327
1422
1376
1293
1333
1399
1368
1373
1337
1439
1392
1372
1355
1331
1375
1381
1388
1370
1504
1457
1267
1392
1425
1425
1456
1502
1437
1417
1476
1448
1463
1410
1561
1499
1584
1446
1390
1387
1519
1467
1473
1555
1441
1505
1506
1634
1507
1510
1522
1592
1576
1419
1559
1552
1618
1590
1614
1594
1609
1667
1642
1690
1524
1621
1537
1483
1653
1649
1793
1893
1676
1847
1801
1951
1941
1981
1966
1963
2011
2048
2084
2086
2016
2196
2145
2250
2216
2115
2301
2444
2433
2330
2472
2362
2559
2669
2693
2778
3106
3060
2980
3065
3237
3203
3310
3240
3332
3441
3734
3790
3766
3885
3917
4008
4069
4218
4302
4426
4911
4892
4947
5100
5368
5463
5747
5767
6036
6380
6693
7020
7135
7302
7502
7791
7698
8098
8127
8405
8782
8895
8909
9044
9201
9178
9103
9487
9241
9521
9629
9752
9812
9733
9757
9760
9878
9590
9674
9659
9583
9612
9839
9637
9237
9550
9198
9431
9019
9059
9056
9106
8808
8875
8825
8748
8780
8589
8570
8366
8342
8432
8565
8418
8330
8173
8087
7804
8075
8197
7887
8175
8132
7959
7899
8038
8046
7916
7961
7927
7987
7843
7777
7782
7882
7824
7550
7523
7508
7432
7531
7206
7272
7065
7252
6890
7119
6899
6942
6672
6817
6633
6598
6636
6522
6506
6598
6382
6214
6086
5994
6168
6109
5992
5866
5807
5726
5680
5710
5608
5527
5452
5503
5393
5278
5162
5254
5145
5086
4946
5044
5104
4858
4821
4639
4710
4826
4753
4673
4902
4626
4601
4586
4642
4534
4398
4418
4444
4294
4402
4252
4231
4320
4274
4343
3994
4084
3931
4011
3952
3867
3825
3918
3772
3882
3817
3836
3692
3876
3648
3636
3675
3708
3617
3611
3542
3486
3414
3446
3580
3480
3272
3358
3397
3265
3393
3415
3372
3209
3128
3097
3058
3039
3213
3091
3123
3058
3011
3036
3173
3227
3084
3027
3016
3136
3067
3012
2994
3005
2961
2943
3005
2883
2936
3055
3027
3034
2981
2904
2993
2991
2977
2882
2868
2863
2874
2797
2669
2912
2830
2764
2736
2718
2701
2637
2799
2839
2639
2641
2562
2538
2613
2676
2608
2575
2622
2533
2484
2513
2358
2558
2377
2427
2538
2469
2638
2644
2683
2546
2662
2504
2482
2414
2453
2561
2591
2576
2474
2483
2448
2435
2424
2422
2529
2569
2411
2385
2318
2379
2334
2440
2425
2481
2661
2581
2524
2451
2419
2324
2394
2444
2518
2367
2454
2380
2414
2361
2295
2359
2291
2362
2368
2479
2404
2413
2369
2476
2260
2407
2404
2504
2471
2521
2440
2442
2487
2511
2429
2536
2553
2340
2454
2359
2431
2492
2533
2558
2533
2611
2538
2694
2627
2591
2635
2556
2690
2766
2717
2661
2799
2832
2706
2806
2900
2778
2685
2821
2807
2840
2823
2936
2894
2934
2846
2962
2893
3175
2980
3071
3124
3184
3154
3138
3109
3220
3223
3221
3179
3243
3223
3281
3485
3473
3514
3430
3613
3519
3767
3612
3717
3690
3791
3892
3918
3959
3904
3940
4366
4112
4213
4209
4285
4284
4378
4331
4430
4665
4416
4460
4652
4655
4790
4752
4815
4679
4715
4829
4751
4837
4924
4921
4894
4985
4992
5115
5154
5079
5096
5064
5275
5089
5140
5212
5367
5391
5546
5452
5446
5235
3231