94194
91302
83983
73733
67625
62800
59060
53202
48467
43647
40482
35076
30475
28508
28740
26564
22398
21175
19285
17174
16328
14113
13456
11871
11802
10385
10446
9548
9558
9555
10084
10386
10694
12579
13115
14339
18928
22896
25040
28566
30099
33430
39744
44980
45918
52737
60035
64589
72022
81792
88592
98847
103041
109606
120752
123954
133049
137521
148155
160512
186307
208629
240998
265024
303912
353268
420891
474314
502112
509819
526242
510388
503217
487897
444664
412161
374631
333898
308274
279004
264851
246902
239882
234453
227515
224599
222403
217166
219568
215564
218193
216344
222512
214550
220804
218707
231738
232430
245795
252032
263986
279607
297510
315987
333414
340036
357492
367359
371809
382601
386953
376062
364470
355677
342395
331226
323617
314058
300896
297498
280818
267706
261537
252793
251974
238725
225074
219990
218336
210231
216515
206516
194452
194751
187285
181687
177164
168781
157415
149426
138473
127689
119577
109501