8883
9532
10089
9564
8717
8281
9315
9534
8976
8667
8816
8189
8711
8251
8433
8501
8857
8625
8068
8340
8049
8013
8356
8304
8538
8066
7964
7659
7729
8241
7813
7350
7248
6990
6844
6640
6657
7069
6786
6429
6593
6491
6463
6269
6354
6194
6743
6731
6396
6466
5876
6515
6053
5689
5545
5745
5656
5635
5195
5345
5875
5543
5033
5368
5924
5256
5104
4535
5092
4927
4884
5276
5082
4762
4835
5057
4869
4931
4567
4710
4726
4491
4433
4669
4471
4524
4230
4356
4491
4108
3933
4406
4204
4233
3991
4188
4258
3711
3781
3632
3849
3765
3637
3548
3900
3700
3908
3822
3620
3682
3456
3582
3569
3158
3595
3300
3191
3269
3303
3140
2981
3219
3161
2961
2813
3453
3175
2639
2782
2834
2755
3031
2651
3008
3003
2526
2534
2544
2788
2550
2270
2459
2255
2432
2551
2663
2529
2465
2294
2229
2307
2432
2278
2327
2625
3114
3065
3140
3023
2557
2331
2338
3017
3344
2848
2182
1957
2224
2088
2058
2259
1940
1790
1612
2024
1905
1843
1917
1934
2277
1933
1880
1821
1653
2005
2634
2151
3023
3119
2459
1926
2946
2977
1789
1666
1601
1553
1604
1448
1575
1607
1556
1350
1370
1394
1561
1411
1301
1495
1141
1273
1352
1262
1398
1461
1290
1187
1246
1254
1385
1278
1427
1356
1187
1365
1268
1322
1355
1230
1110
1243
1052
1251
1348
1225
1024
1249
1153
1260
1183
1208
1019
888
1108
1048
1008
1143
1027
840
972
1052
1137
1083
1083
969
1085
1013
974
1023
904
810
792
952
886
1053
949
990
1182
1000
836
973
883
881
1020
891
979
1000
911
1119
840
924
870
808
940
906
932
864
844
905
995
986
885
973
986
875
910
881
972
974
900
921
813
1008
927
835
876
909
901
1038
912
838
1026
1225
1103
996
878
878
1056
940
1010
998
974
949
982
869
1004
997
1027
1167
1282
1146
1283
1223
1112
1207
1191
1228
1225
1323
1110
1152
1324
1402
1329
1382
1427
1406
1415
1184
1238
1382
1428
1360
1559
1569
1693
1598
1415
1658
1608
1820
1872
1631
1901
2143
2161
1984
1855
2000
1873
2152
2091
1968
2184
2064
2247
2130
2104
2187
2165
2431
2370
2202
2446
2704
2398
2100
2195
2339
2293
2441
2533
2740
2783
2624
2708
2734
2662
2607
2827
2542
2911
2824
3150
3443
3098
3438
3065
2936
2853
3110
3307
3318
3216
3572
3083
3393
3341
3336
3419
3616
3652
4106
3616
3961
4216
4107
4102
3980
4150
4280
4514
4413
4418
4229
4592
4390
4558
4463
4631
4483
4678
4932
4923
4750
4521
4460
4948
5086
5235
5355
4923
5242
4958
4961
5074
5337
5464
5449
5424
5398
5376
5118
5661
5722
5736
5684
6288
6205
6162
6133
6016
6245
5941
5785
6237
6478
6188
6580
6681
6613
7000
6927
7002
7582
7176
7797
7446
7347
6932
7312
8450
7466
7545
7615
7484
7937
8149
8334
8223
8480
8396
8362
8321
8983
9493
9814
10130
9738
9604
8952
9683
9409
9505
9020
8973
9410
9531
9369
9411
9017
9553
10691
10781
10487
9783
9835
10307
9866
10995
9654
11082
10978
10129
10699
10211
10160
11320
11075
10909
10893
11271
10788
11887
12017
10927
11162
11051
11302
11768
11688
12105
12356
12003
12028
12196
12526
12504
12587
12452
12652
12933
12395
13115
12977
13944
15496
12604
12196
12504
13034
13263
13496
12630
14002
13699
13608
13803
13085
12980
13791
13215
13944
14841
14414
14894
14550
14826
17275
15399
16043
15517
16077
15905
16196
16524
17007
16854
16705
16841
17006
17038
17431
18632
18804
18331
18270
19027
19664
19245
18809
19821
19662
20842
20816
20794
20712
20854
21226
20957
21688
21763
23219
22487
21891
23576
25159
23877
24218
25635
25560
24742
25277
25528
26720
27136
26173
26166
27542
27988
28159
28115
28737
29628
29967
31883
30745
31222
31601
31817
31789
33211
33679
35048
34563
34202
34614
35262
36101
37015
38577
39273
39641
40623
41629
42530
42553
43048
43808
42649
44678
44772
45003
44319
45953
44758
45731
46928
46303
47973
48897
48740
48996
49736
49456
50822
51125
52319
51421
52946
51434
51840
52045
52719
52109
51574
50930
50080
51723
51686
53175
53332
52697
52257
51503
51563
51486
50579
51232
50729
51642
50285
50060
50687
50070
50152
49369
48367
49221
48231
48276
48816
49328
47884
47833
49606
47749
48228
50197
49377
48986
49283
49596
48491
48265
46557
46152
46561
46487
46408
45165
44006
43774
43566
43803
43696
43443
42243
42709
41988
41265
40623
40277
39983
39791
39629
39650
38116
38352
37781
38097
37738
37351
37164
36415
36752
36383
35671
34073
34338
34694
33930
33762
32572
32185
32752
34296
33376
31730
31349
32031
31034
30531
29791
30491
29654
30793
31171
30437
29561
28636
29376
28597
27121
27565
27156
27570
27546
27145
27097
27364
25463
25724
25357
26452
25904
25130
25279
25044
24294
24057
25004
25347
25187
25022
24594
24877
24671
24811
23612
24070
24070
23401
24134
24467
23925
23524
23598
23710
22421
22673
23130
22638
22993
23624
23445
24093
24098
22435
22496
23142
22829
22644
23058
23092
22726
23001
22391
23794
22731
22433
22744
23426
23795
22284
21896
21531
23185
23556
22561
22282
22800
22968
22354
21946
22544
22783
22128
22339
22121
21698
22311
22280
22279
21969
22901
22249
21863
21805
22643
21782
21300
21451
21553
21799
21795
21190
21646
21724
22010
21764
21127
21419
21736
21446
21895
22914
21803
22836
22598
20975
21311
21263
21461
21558
22292
21494
21420
21317
21061
20580
22577
21881
21236
20967
20937
21787
21556
21890
21561
21596
21693
22975
21977
21881
21925
21170
22636
22304
22116
20968
21645
22340
21775
21849
23112
22019
21825
22619
21211
21276
21524
21443
21722
21771
21538
21550
22006
22398
22028
21672
22086
21593
21507
22214
22784
22425
21511
21409
22003
21847
22080
21948
21798
22741
22835
23013
23538
23346
24028
23453
23510
23498
23950
23714
22836
22185
23348
23139
24902
22729
23548
23094
23095
23152
23343
22603
22761
22705
23752
23884
24110
24495
24326
24970
25886
24666
24259
25389
25228
26328
25870
26557
25456
26035
26031
25845
26420
26420
25586
26770
27053
26939
26300
26873
27101
27582
28890
28282
27899
28376
28807
28285
28726
28324
29736
28493
29755
30780
29914
30136
29939
29646
29969
28887
30134
30653
32109
31882
32543
35220
32620
32928
31980
31901
32070
31926
32586
32524
32566
31625
30783
31988
31037
33656
33240
33402
34229
33102
34190
33089
34050
33882
34412
33423
34305
34746
34481
34994
34471
34584
33917
34980
35076
35083
34426
34685
35008
35374
35028
34723
37041
35330
34645
35455
34372
34748
36738
36315
35913
34461
34891
35150
35168
35993
35139
35394
35806
36516
36108
35782
35156
36243
36597
36002
35947
35646
35904
35575
35834
36918
35787
35748
34381
35370
34787
35683
34726
34744
33965
33867
34103
35613
34264
34834
35696
33865
33605
34080
34385
34007
33583
33879
34077
33732
34015
33563
33112
32806
32491
33125
32509
33525
31941
32667
32633
32009
32751
31490
32124
31488
32172
31116
31224
32144
31544
31429
31175
30378
30121
30773
30786
30965
32349
30800
31592
30671
29953
30579
29480
30085
30577
29861
29794
30315
29033
29169
29444
29208
28758
28349
28947
28438
28099
28770
28912
29014
28092
28109
28495
27565
28105
27367
27247
27584
27273
27290
28481
27027
26780
25777
25307
26166
26963
26965
25341
26264
26200
25992
25690
26140
26597
25544
25314
25552
26276
25361
25511
24817
24929
24279
24187
25633
24613
25085
25725
24833
24053
24591
24266
23806
23747
24491
23729
23536
23915
24245
23846
23477
23120
22717
22441
22463
23001
21931
21524
23166
23477
24434
23242
21801
22226
22876
23101
22086
22899
22173
22765
22077
21772
22478
22574
21296
22165
21397
22381
20954
20574
21039
21525
20829
20850
20283
20139
19322
20722
21394
20899
21686
20663
20531
20133
20267
19614
20383
20837
20425
20277
20529
19840
20203
20067
19525
20007
20075
19166
19212
19932
18915
18624
18650
19668
19683
18841
18874
19029
19542
20104
19748
18853
19176
19306
18853
19253
18430
20081
18237
18531
18899
19202
18357
18062
17675
17917
18137
18123
18520
18716
18723
18507
18640
18385
17707
18437
17783
18876
19118
17537
18059
17771
17316
17501
17221
16994
16698
16843
17321
17591
18250
16515
16472
16354
16642
16966
17447
16785
17026
17186
16839
16812
17475
15560
16986
16792
16112
15590
16426
16287
16179
15496
15481
15953
15099
15729
16409
16337
17087
15892
15541
15254
15205
14953
15045
14509
14446
14789
14320
14311
14293
14504
15029
15405
14067
14757
14271
14453
14414
13931
13816
13026
12994
13305
13102
13147
13180
13052
13260
13115
13588
12579
13079
12856
12423
12343
12248
12610
12044
11706
11333
11712
12113
11873
11583
11449
11403
10995
11042
10877
11400
10936
10609
10684
10239
10026
9696
9914
10284
9669
9572
9700