105966
97835
90542
82688
75382
69415
62427
57633
52674
48366
43711
39443
35243
32534
30119
27776
25200
22967
21410
19422
17779
16023
14860
13498
12261
11367
10866
10417
10053
9801
10490
11256
11978
12933
14458
16159
20079
22920
25393
28865
32861
35980
42760
48675
53527
59404
65755
71951
81147
89489
97243
105121
112182
118913
127434
135879
144234
150682
161223
174582
197364
218866
246418
275807
313247
357908
416769
464332
501336
519996
530141
520118
515352
502236
469160
431347
395407
361693
333350
309918
289535
274799
264897
253822
249956
247423
240658
238954
236087
234068
232784
232284
233286
231133
231436
233373
238080
242901
251144
260197
269801
282988
297230
315338
330715
339568
354410
359887
365907
372086
374513
369129
362156
356492
346068
339213
330865
321138
309783
300533
291122
282554
274942
264123
256492
248024
236521
232659
228370
220165
217620
212428
202391
200734
194028
186855
180718
173886
162362
155384
145550
135170
125139
113130